1,1,759.11,423.15,307.00,289.37,0.95,-1,-1,-1
1,2,1459.84,381.48,125.89,49.39,0.91,-1,-1,-1
2,1,759.24,421.18,308.70,291.04,0.95,-1,-1,-1
2,2,1458.27,378.48,132.51,52.10,0.91,-1,-1,-1
3,1,759.48,422.06,308.10,290.49,0.96,-1,-1,-1
3,2,1460.19,379.52,129.30,50.93,0.93,-1,-1,-1
3,3,1461.05,388.32,70.98,40.57,0.47,-1,-1,-1
4,1,759.03,422.02,308.87,291.28,0.95,-1,-1,-1
4,2,1456.71,377.99,138.49,54.87,0.93,-1,-1,-1
5,1,758.63,421.20,309.03,291.51,0.96,-1,-1,-1
5,2,1456.27,377.32,141.16,56.33,0.92,-1,-1,-1
6,1,758.84,420.76,309.24,291.76,0.95,-1,-1,-1
6,2,1460.31,376.91,137.37,55.02,0.93,-1,-1,-1
7,1,757.48,419.51,310.97,293.39,0.95,-1,-1,-1
7,2,1458.74,373.60,145.05,58.60,0.94,-1,-1,-1
8,1,757.93,419.01,311.37,293.74,0.94,-1,-1,-1
8,2,1464.29,376.51,137.32,55.62,0.92,-1,-1,-1
8,3,1464.90,389.78,70.35,40.35,0.59,-1,-1,-1
9,1,757.96,418.85,311.55,293.73,0.94,-1,-1,-1
9,2,1465.52,377.16,136.46,55.54,0.92,-1,-1,-1
9,3,1467.94,388.23,75.16,43.03,0.37,-1,-1,-1
10,1,757.51,419.35,311.18,293.06,0.96,-1,-1,-1
10,2,1466.39,377.02,134.81,55.08,0.93,-1,-1,-1
10,3,1467.66,387.93,75.65,43.44,0.46,-1,-1,-1
11,1,757.45,419.99,311.71,293.37,0.95,-1,-1,-1
11,2,1467.65,377.63,133.51,54.75,0.93,-1,-1,-1
12,1,757.69,421.10,310.95,292.16,0.96,-1,-1,-1
12,2,1469.27,376.23,133.86,55.09,0.92,-1,-1,-1
12,3,1470.28,385.51,76.13,43.74,0.35,-1,-1,-1
13,1,757.99,421.03,310.53,291.31,0.95,-1,-1,-1
13,2,1469.60,376.43,133.27,54.97,0.93,-1,-1,-1
13,3,1470.87,386.38,75.29,43.17,0.34,-1,-1,-1
14,1,758.76,421.92,308.83,289.00,0.95,-1,-1,-1
14,2,1472.49,378.29,129.53,53.50,0.92,-1,-1,-1
14,3,1473.52,387.62,73.92,42.05,0.30,-1,-1,-1
15,1,759.09,422.48,308.07,287.37,0.96,-1,-1,-1
15,2,1472.17,377.80,129.33,53.42,0.92,-1,-1,-1
15,3,1472.97,387.02,74.44,42.07,0.28,-1,-1,-1
16,1,758.03,421.47,310.46,288.98,0.95,-1,-1,-1
16,2,1473.44,379.42,128.68,53.03,0.93,-1,-1,-1
17,1,757.04,421.52,312.36,290.06,0.95,-1,-1,-1
17,2,1471.54,377.83,133.68,55.26,0.92,-1,-1,-1
18,1,756.42,421.21,313.04,290.15,0.95,-1,-1,-1
18,2,1472.29,378.47,134.52,55.92,0.92,-1,-1,-1
19,1,755.49,420.89,313.75,290.06,0.96,-1,-1,-1
19,2,1473.33,378.62,133.44,55.64,0.93,-1,-1,-1
19,8,0.40,347.29,71.96,23.49,0.30,-1,-1,-1
20,1,754.18,420.94,314.28,289.69,0.97,-1,-1,-1
20,2,1476.07,380.00,130.91,54.76,0.93,-1,-1,-1
21,1,753.06,420.10,315.33,289.85,0.97,-1,-1,-1
21,2,1476.39,378.44,131.90,55.29,0.93,-1,-1,-1
21,8,6.11,349.06,69.04,22.44,0.40,-1,-1,-1
22,1,752.19,419.80,316.76,290.59,0.96,-1,-1,-1
22,2,1477.78,378.34,131.80,55.55,0.93,-1,-1,-1
22,8,8.97,348.78,69.23,22.31,0.34,-1,-1,-1
23,1,752.53,419.20,317.03,290.33,0.97,-1,-1,-1
23,2,1479.87,378.60,129.19,54.62,0.92,-1,-1,-1
23,8,8.24,348.13,73.61,23.51,0.24,-1,-1,-1
24,1,751.45,419.26,317.58,290.17,0.96,-1,-1,-1
24,2,1478.77,376.51,132.47,56.30,0.93,-1,-1,-1
24,8,4.32,346.33,80.45,25.69,0.32,-1,-1,-1
25,1,751.27,420.22,317.18,289.00,0.97,-1,-1,-1
25,2,1479.03,376.27,132.52,56.58,0.93,-1,-1,-1
25,8,5.85,348.93,66.86,21.15,0.21,-1,-1,-1
25,3,1481.15,387.00,78.07,43.86,0.31,-1,-1,-1
26,1,749.80,419.53,319.31,290.43,0.98,-1,-1,-1
26,2,1482.18,377.60,129.67,55.39,0.92,-1,-1,-1
26,3,1482.07,387.38,78.43,44.15,0.33,-1,-1,-1
27,1,749.71,419.34,320.15,290.67,0.96,-1,-1,-1
27,2,1484.20,378.82,125.80,53.63,0.93,-1,-1,-1
27,3,1482.41,387.55,77.00,43.36,0.48,-1,-1,-1
28,1,749.30,420.47,319.05,288.69,0.96,-1,-1,-1
28,2,1484.19,378.35,127.15,54.29,0.93,-1,-1,-1
28,3,1482.35,387.66,77.99,44.01,0.31,-1,-1,-1
29,1,747.95,420.09,321.36,290.15,0.97,-1,-1,-1
29,2,1491.10,378.32,124.75,53.50,0.86,-1,-1,-1
29,3,1482.12,388.17,75.79,43.01,0.61,-1,-1,-1
30,1,747.36,420.81,322.01,290.04,0.98,-1,-1,-1
30,2,1488.86,379.78,123.50,52.63,0.93,-1,-1,-1
31,1,748.59,420.93,320.49,288.07,0.97,-1,-1,-1
31,2,1489.86,381.31,118.63,49.93,0.92,-1,-1,-1
31,3,1486.49,390.44,70.51,39.20,0.33,-1,-1,-1
32,1,747.06,419.96,323.24,290.28,0.96,-1,-1,-1
32,2,1489.16,381.62,119.91,50.03,0.93,-1,-1,-1
33,1,746.87,420.03,323.30,290.08,0.96,-1,-1,-1
33,2,1487.20,380.37,125.99,52.58,0.93,-1,-1,-1
34,1,746.30,419.40,322.61,288.84,0.96,-1,-1,-1
34,2,1485.23,379.67,129.33,54.09,0.94,-1,-1,-1
35,1,745.39,420.24,322.40,287.87,0.96,-1,-1,-1
35,2,1484.83,379.18,129.14,54.11,0.93,-1,-1,-1
36,1,745.78,420.56,323.37,288.54,0.96,-1,-1,-1
36,2,1486.88,380.50,125.81,52.42,0.93,-1,-1,-1
37,1,744.64,420.63,324.07,288.75,0.96,-1,-1,-1
37,2,1487.86,380.77,124.66,51.89,0.93,-1,-1,-1
38,1,742.47,420.56,324.98,289.10,0.96,-1,-1,-1
38,2,1487.87,380.50,125.04,52.03,0.33,-1,-1,-1
38,3,1482.91,388.24,76.82,43.02,0.52,-1,-1,-1
39,1,741.33,420.92,326.62,290.17,0.96,-1,-1,-1
39,2,1488.69,380.88,124.32,51.69,0.93,-1,-1,-1
40,1,740.69,421.65,325.72,288.48,0.96,-1,-1,-1
40,2,1489.21,380.84,123.66,51.28,0.93,-1,-1,-1
41,1,738.36,420.48,328.75,290.89,0.96,-1,-1,-1
41,2,1486.20,378.60,129.12,53.74,0.93,-1,-1,-1
42,1,737.45,419.93,329.75,291.24,0.96,-1,-1,-1
42,2,1485.59,378.61,132.37,55.33,0.94,-1,-1,-1
43,1,737.72,420.24,328.31,289.54,0.96,-1,-1,-1
43,2,1485.30,378.55,132.80,55.71,0.94,-1,-1,-1
44,1,736.57,420.64,328.95,289.71,0.96,-1,-1,-1
44,2,1487.21,379.90,127.41,53.30,0.93,-1,-1,-1
44,3,1485.36,388.28,77.27,43.09,0.34,-1,-1,-1
45,1,734.12,420.68,329.43,289.21,0.96,-1,-1,-1
45,2,1490.28,381.12,123.86,51.53,0.92,-1,-1,-1
46,1,733.08,421.81,329.16,287.91,0.96,-1,-1,-1
46,2,1488.77,379.70,127.43,53.23,0.94,-1,-1,-1
47,1,730.16,421.99,330.70,288.34,0.97,-1,-1,-1
47,2,1487.57,378.79,128.76,53.88,0.93,-1,-1,-1
48,1,727.55,422.43,331.30,287.48,0.96,-1,-1,-1
48,2,1490.32,380.74,126.40,52.93,0.93,-1,-1,-1
49,1,725.99,422.82,332.74,287.55,0.96,-1,-1,-1
49,2,1492.22,380.18,125.77,52.71,0.94,-1,-1,-1
50,1,723.77,422.20,334.22,287.75,0.96,-1,-1,-1
50,2,1493.49,380.05,123.77,51.87,0.92,-1,-1,-1
51,1,721.64,422.09,336.41,288.84,0.96,-1,-1,-1
51,2,1489.96,377.36,132.81,56.19,0.94,-1,-1,-1
52,1,721.34,421.57,339.06,290.85,0.97,-1,-1,-1
52,2,1489.87,376.00,135.16,57.75,0.94,-1,-1,-1
53,1,718.96,421.50,341.50,292.61,0.97,-1,-1,-1
53,2,1491.26,377.48,132.62,56.86,0.87,-1,-1,-1
54,1,718.72,422.38,342.80,293.62,0.96,-1,-1,-1
54,2,1491.57,376.65,132.40,57.16,0.94,-1,-1,-1
55,1,718.28,422.40,342.21,292.63,0.97,-1,-1,-1
55,2,1491.86,375.97,133.38,58.13,0.94,-1,-1,-1
56,1,717.12,422.79,342.02,291.72,0.96,-1,-1,-1
56,2,1493.24,376.95,129.83,56.76,0.93,-1,-1,-1
57,1,715.77,423.22,340.96,289.91,0.96,-1,-1,-1
57,2,1494.03,377.87,127.99,56.13,0.92,-1,-1,-1
57,3,1487.70,387.78,76.79,43.61,0.47,-1,-1,-1
58,1,713.83,423.54,342.30,290.35,0.96,-1,-1,-1
58,2,1496.33,377.49,125.33,55.16,0.91,-1,-1,-1
58,3,1489.59,388.57,71.55,41.94,0.66,-1,-1,-1
59,1,714.38,423.62,341.70,289.21,0.96,-1,-1,-1
59,2,1497.08,378.03,124.97,55.14,0.93,-1,-1,-1
59,3,1492.36,388.95,71.03,42.43,0.55,-1,-1,-1
60,1,712.23,422.74,343.78,290.26,0.95,-1,-1,-1
60,2,1498.00,378.07,124.48,55.21,0.92,-1,-1,-1
60,3,1493.27,389.80,68.36,41.71,0.65,-1,-1,-1
61,1,710.76,420.64,344.20,290.07,0.95,-1,-1,-1
61,2,1498.55,378.83,124.73,55.57,0.93,-1,-1,-1
61,15,-0.56,350.22,73.23,25.26,0.39,-1,-1,-1
62,1,709.93,422.00,344.00,288.79,0.96,-1,-1,-1
62,2,1498.02,377.68,125.76,56.35,0.92,-1,-1,-1
62,3,1492.25,388.34,69.62,43.51,0.61,-1,-1,-1
63,1,707.62,421.60,347.77,291.37,0.96,-1,-1,-1
63,2,1496.14,373.69,131.66,59.81,0.93,-1,-1,-1
63,3,1492.15,386.68,70.76,45.49,0.65,-1,-1,-1
64,1,707.94,422.31,347.18,290.03,0.96,-1,-1,-1
64,2,1498.18,376.49,126.98,57.87,0.92,-1,-1,-1
64,3,1493.56,388.10,67.04,43.76,0.74,-1,-1,-1
65,1,707.41,422.90,347.36,289.29,0.96,-1,-1,-1
65,2,1499.43,377.53,124.12,56.66,0.92,-1,-1,-1
65,3,1494.83,388.76,64.99,42.95,0.67,-1,-1,-1
66,1,707.06,422.12,349.19,290.26,0.96,-1,-1,-1
66,2,1502.01,378.96,120.11,54.72,0.92,-1,-1,-1
66,3,1496.44,389.27,64.02,42.40,0.62,-1,-1,-1
67,1,704.91,422.00,350.05,289.84,0.96,-1,-1,-1
67,2,1501.79,378.21,123.29,56.21,0.92,-1,-1,-1
67,3,1496.30,389.31,64.23,42.88,0.54,-1,-1,-1
68,1,705.51,422.90,347.57,286.33,0.96,-1,-1,-1
68,2,1498.63,374.64,131.71,60.62,0.93,-1,-1,-1
68,3,1496.62,388.42,64.53,43.42,0.49,-1,-1,-1
69,1,704.04,422.76,347.76,285.08,0.96,-1,-1,-1
69,2,1499.55,376.57,127.99,59.11,0.93,-1,-1,-1
69,3,1499.39,389.05,65.55,43.75,0.26,-1,-1,-1
69,19,844.84,367.26,77.55,18.34,0.52,-1,-1,-1
70,1,701.38,422.41,349.71,285.27,0.96,-1,-1,-1
70,2,1498.35,374.81,132.44,61.76,0.94,-1,-1,-1
71,1,699.35,421.19,352.17,286.10,0.96,-1,-1,-1
71,2,1499.97,375.10,130.13,60.95,0.93,-1,-1,-1
71,3,1497.82,386.30,68.77,46.14,0.28,-1,-1,-1
72,1,698.29,419.70,353.74,286.27,0.96,-1,-1,-1
72,2,1502.46,376.16,125.96,59.16,0.93,-1,-1,-1
72,3,1497.62,388.09,65.22,44.06,0.50,-1,-1,-1
73,1,698.78,419.88,353.27,284.76,0.97,-1,-1,-1
73,2,1504.36,377.47,123.26,58.08,0.93,-1,-1,-1
73,3,1499.31,388.56,65.46,44.24,0.44,-1,-1,-1
74,1,698.52,419.84,353.10,283.49,0.96,-1,-1,-1
74,2,1503.78,377.09,125.59,59.37,0.93,-1,-1,-1
74,3,1498.21,388.37,65.37,44.49,0.46,-1,-1,-1
75,1,697.59,420.98,353.23,282.31,0.97,-1,-1,-1
75,2,1503.93,376.98,124.99,59.16,0.93,-1,-1,-1
75,3,1500.05,388.27,65.75,44.60,0.49,-1,-1,-1
76,1,695.95,418.96,356.86,284.57,0.96,-1,-1,-1
76,2,1504.54,377.57,123.85,58.60,0.94,-1,-1,-1
76,3,1501.51,388.32,67.46,45.51,0.30,-1,-1,-1
77,1,696.77,420.06,355.29,282.14,0.97,-1,-1,-1
77,2,1504.83,377.24,123.17,58.23,0.94,-1,-1,-1
77,3,1502.19,389.12,66.09,44.25,0.37,-1,-1,-1
78,1,695.78,420.03,357.29,282.70,0.97,-1,-1,-1
78,2,1506.08,378.85,121.58,57.35,0.94,-1,-1,-1
79,1,694.43,419.85,359.62,283.80,0.97,-1,-1,-1
79,2,1504.72,376.78,123.57,58.19,0.94,-1,-1,-1
80,1,694.78,420.68,358.48,281.85,0.97,-1,-1,-1
80,2,1506.41,378.00,123.62,58.19,0.93,-1,-1,-1
80,3,1505.02,389.50,65.82,43.73,0.29,-1,-1,-1
81,1,692.76,418.99,361.52,283.51,0.96,-1,-1,-1
81,2,1506.03,377.23,124.76,58.83,0.94,-1,-1,-1
82,1,691.52,421.05,360.68,281.50,0.96,-1,-1,-1
82,2,1506.76,378.31,123.57,58.09,0.94,-1,-1,-1
83,1,690.84,420.82,361.35,280.84,0.96,-1,-1,-1
83,2,1507.41,377.08,124.85,58.94,0.94,-1,-1,-1
84,1,690.04,420.84,361.76,279.87,0.96,-1,-1,-1
84,2,1511.22,377.94,121.44,57.51,0.93,-1,-1,-1
85,1,688.68,420.47,362.70,279.28,0.96,-1,-1,-1
85,2,1514.14,379.59,118.09,56.00,0.93,-1,-1,-1
86,1,686.76,419.30,365.84,280.84,0.96,-1,-1,-1
86,2,1513.05,377.86,122.40,58.46,0.93,-1,-1,-1
87,1,686.37,419.76,365.76,279.73,0.96,-1,-1,-1
87,2,1513.30,378.07,122.51,58.72,0.94,-1,-1,-1
88,1,686.11,419.44,366.84,279.61,0.96,-1,-1,-1
88,2,1514.98,378.98,119.09,57.06,0.93,-1,-1,-1
88,19,806.72,363.62,87.05,21.01,0.34,-1,-1,-1
89,1,684.74,419.24,368.45,279.91,0.96,-1,-1,-1
89,2,1515.48,378.87,119.70,57.39,0.94,-1,-1,-1
90,1,684.38,420.40,368.77,279.20,0.96,-1,-1,-1
90,2,1517.21,380.41,118.08,56.53,0.93,-1,-1,-1
91,1,682.31,419.14,371.46,280.48,0.96,-1,-1,-1
91,2,1516.96,379.79,118.53,56.80,0.93,-1,-1,-1
92,1,680.62,417.09,374.93,282.62,0.95,-1,-1,-1
92,2,1515.80,377.95,121.69,58.64,0.93,-1,-1,-1
93,1,681.00,417.91,374.93,282.21,0.96,-1,-1,-1
93,2,1518.78,380.16,117.70,56.55,0.92,-1,-1,-1
94,1,681.30,418.52,374.73,281.67,0.96,-1,-1,-1
94,2,1518.92,379.85,118.63,57.10,0.93,-1,-1,-1
95,1,680.68,418.67,375.93,282.20,0.96,-1,-1,-1
95,2,1517.75,378.66,119.51,57.72,0.93,-1,-1,-1
96,1,681.07,418.50,375.37,281.32,0.96,-1,-1,-1
96,2,1518.34,378.12,120.54,58.30,0.93,-1,-1,-1
97,1,680.18,417.41,376.76,282.14,0.96,-1,-1,-1
97,2,1520.00,378.82,118.74,57.31,0.93,-1,-1,-1
98,1,680.76,418.20,375.04,280.27,0.96,-1,-1,-1
98,2,1520.59,376.88,121.11,58.36,0.95,-1,-1,-1
99,1,678.33,417.69,376.71,280.80,0.95,-1,-1,-1
99,2,1522.48,380.29,116.68,55.85,0.93,-1,-1,-1
100,1,679.26,418.91,374.60,278.45,0.95,-1,-1,-1
100,2,1524.65,379.15,115.27,54.77,0.92,-1,-1,-1
100,3,1520.92,388.67,67.78,44.23,0.40,-1,-1,-1
101,1,677.97,416.52,377.62,280.44,0.96,-1,-1,-1
101,2,1523.00,375.83,119.98,57.03,0.94,-1,-1,-1
102,1,677.86,418.01,376.70,278.95,0.95,-1,-1,-1
102,2,1524.05,375.55,120.36,57.06,0.93,-1,-1,-1
103,1,676.75,416.98,378.87,280.20,0.95,-1,-1,-1
103,2,1525.83,378.77,116.40,54.72,0.94,-1,-1,-1
104,1,678.88,417.16,377.85,279.15,0.96,-1,-1,-1
104,2,1528.21,378.18,116.64,54.68,0.93,-1,-1,-1
104,3,1520.84,387.76,68.09,45.38,0.57,-1,-1,-1
105,1,681.03,417.13,376.61,278.11,0.97,-1,-1,-1
105,2,1529.11,378.29,118.55,55.55,0.93,-1,-1,-1
106,1,682.26,417.17,375.58,277.14,0.96,-1,-1,-1
106,2,1529.37,377.82,121.39,57.02,0.93,-1,-1,-1
107,1,680.93,417.08,376.17,277.13,0.96,-1,-1,-1
107,2,1529.78,377.85,121.20,56.98,0.93,-1,-1,-1
108,1,680.68,418.15,375.87,276.38,0.96,-1,-1,-1
108,2,1530.66,378.12,121.87,57.46,0.93,-1,-1,-1
109,1,682.38,418.62,375.61,276.10,0.98,-1,-1,-1
109,2,1532.80,378.68,119.30,56.11,0.93,-1,-1,-1
110,1,681.45,417.93,377.30,277.18,0.97,-1,-1,-1
110,2,1534.77,379.72,118.22,55.48,0.92,-1,-1,-1
110,19,725.23,366.78,75.17,19.90,0.38,-1,-1,-1
111,1,679.87,416.21,379.61,278.87,0.97,-1,-1,-1
111,2,1534.07,379.54,120.96,56.78,0.93,-1,-1,-1
112,1,678.73,414.75,381.64,280.31,0.96,-1,-1,-1
112,2,1533.35,377.40,123.25,57.92,0.93,-1,-1,-1
113,1,677.66,414.10,382.67,280.86,0.97,-1,-1,-1
113,2,1535.75,378.85,120.28,56.35,0.93,-1,-1,-1
114,1,677.70,416.64,380.23,278.31,0.97,-1,-1,-1
114,2,1537.81,379.76,118.44,55.23,0.93,-1,-1,-1
115,1,679.19,417.80,379.10,276.91,0.96,-1,-1,-1
115,2,1538.73,379.31,120.95,56.36,0.94,-1,-1,-1
116,1,678.64,418.78,378.94,276.01,0.96,-1,-1,-1
116,2,1540.50,379.04,120.62,56.23,0.93,-1,-1,-1
117,1,675.50,418.77,380.37,275.98,0.96,-1,-1,-1
117,2,1545.62,379.30,117.99,55.02,0.93,-1,-1,-1
118,1,673.52,417.24,383.39,277.50,0.96,-1,-1,-1
118,2,1546.74,380.56,115.51,53.61,0.92,-1,-1,-1
119,1,673.38,415.64,385.55,278.73,0.97,-1,-1,-1
119,2,1546.99,380.72,116.97,54.27,0.82,-1,-1,-1
120,1,674.67,417.69,383.60,276.52,0.96,-1,-1,-1
120,2,1547.76,380.22,120.46,55.97,0.93,-1,-1,-1
120,33,1.43,359.61,27.04,19.60,0.21,-1,-1,-1
121,1,671.64,415.78,387.39,278.80,0.97,-1,-1,-1
121,2,1545.31,378.43,127.08,59.55,0.94,-1,-1,-1
121,33,1.27,359.28,27.50,19.91,0.41,-1,-1,-1
122,1,670.32,414.69,389.71,279.98,0.96,-1,-1,-1
122,2,1547.33,377.64,123.07,57.74,0.93,-1,-1,-1
122,33,1.60,360.01,26.56,19.17,0.42,-1,-1,-1
123,1,670.61,414.28,390.85,280.35,0.96,-1,-1,-1
123,2,1545.06,375.82,128.91,61.03,0.94,-1,-1,-1
123,33,1.93,359.27,27.42,19.70,0.44,-1,-1,-1
124,1,671.81,414.43,390.99,279.82,0.97,-1,-1,-1
124,2,1550.99,377.89,120.85,57.01,0.92,-1,-1,-1
124,33,5.22,360.24,27.32,19.20,0.54,-1,-1,-1
125,1,671.67,414.73,391.18,279.22,0.96,-1,-1,-1
125,2,1551.62,380.23,121.33,57.16,0.94,-1,-1,-1
125,33,3.60,359.17,28.47,19.85,0.40,-1,-1,-1
125,19,667.56,363.41,91.36,23.81,0.25,-1,-1,-1
126,1,669.57,413.73,393.50,280.20,0.95,-1,-1,-1
126,2,1550.95,376.87,126.53,59.98,0.93,-1,-1,-1
126,33,5.37,359.35,29.38,19.98,0.53,-1,-1,-1
127,1,668.68,413.58,394.88,280.70,0.97,-1,-1,-1
127,2,1552.50,377.02,126.76,60.31,0.93,-1,-1,-1
127,33,4.67,358.25,32.14,21.53,0.46,-1,-1,-1
128,1,668.35,412.56,396.72,281.72,0.96,-1,-1,-1
128,2,1555.75,378.69,122.11,57.84,0.93,-1,-1,-1
128,33,3.46,355.82,35.63,23.64,0.64,-1,-1,-1
128,3,1550.89,388.21,69.27,45.76,0.21,-1,-1,-1
129,1,667.53,412.60,398.38,282.47,0.97,-1,-1,-1
129,2,1560.83,379.72,118.57,56.22,0.92,-1,-1,-1
129,33,3.93,356.43,35.51,23.15,0.55,-1,-1,-1
129,3,1555.13,390.74,62.21,42.70,0.23,-1,-1,-1
130,1,666.96,411.51,400.40,283.59,0.97,-1,-1,-1
130,2,1560.76,379.91,122.35,58.36,0.93,-1,-1,-1
130,33,4.66,356.79,35.75,22.79,0.48,-1,-1,-1
131,1,667.16,412.67,399.59,282.35,0.97,-1,-1,-1
131,2,1558.51,375.29,129.40,62.63,0.94,-1,-1,-1
131,33,12.38,355.90,39.98,23.64,0.40,-1,-1,-1
132,1,666.10,412.87,400.99,282.70,0.96,-1,-1,-1
132,2,1562.19,376.70,124.87,60.69,0.94,-1,-1,-1
132,33,12.29,354.56,45.37,25.59,0.49,-1,-1,-1
132,34,0.94,349.19,92.34,29.85,0.25,-1,-1,-1
133,1,665.74,413.09,401.33,282.35,0.96,-1,-1,-1
133,2,1564.68,377.91,121.74,59.20,0.93,-1,-1,-1
133,33,10.38,355.23,46.44,25.24,0.44,-1,-1,-1
134,1,665.78,413.05,401.61,281.92,0.96,-1,-1,-1
134,2,1565.97,378.03,119.62,58.34,0.92,-1,-1,-1
134,33,10.29,356.10,46.33,24.08,0.46,-1,-1,-1
134,34,2.62,350.56,86.82,28.06,0.23,-1,-1,-1
135,1,666.27,413.82,401.62,281.08,0.97,-1,-1,-1
135,2,1566.52,377.34,120.25,58.86,0.93,-1,-1,-1
135,33,10.38,356.30,47.77,23.77,0.43,-1,-1,-1
136,1,665.68,414.74,402.26,280.64,0.96,-1,-1,-1
136,2,1567.78,377.72,120.86,59.18,0.94,-1,-1,-1
136,33,6.69,354.60,51.60,25.25,0.55,-1,-1,-1
137,1,664.53,414.19,404.09,281.20,0.96,-1,-1,-1
137,2,1567.69,375.05,125.20,61.67,0.94,-1,-1,-1
137,33,7.02,355.99,49.50,23.47,0.61,-1,-1,-1
138,1,664.17,414.14,404.94,281.03,0.97,-1,-1,-1
138,2,1570.56,374.06,121.64,59.81,0.94,-1,-1,-1
138,33,6.20,354.82,52.59,24.40,0.59,-1,-1,-1
139,1,663.92,414.27,405.69,280.59,0.97,-1,-1,-1
139,2,1570.81,372.46,125.22,61.77,0.95,-1,-1,-1
139,33,7.18,355.45,53.42,24.04,0.74,-1,-1,-1
140,1,663.12,413.42,408.15,281.65,0.97,-1,-1,-1
140,2,1575.75,374.58,119.22,58.53,0.94,-1,-1,-1
140,33,7.83,356.57,52.30,22.75,0.67,-1,-1,-1
141,1,663.39,412.71,408.65,281.46,0.98,-1,-1,-1
141,2,1579.23,376.49,115.61,56.47,0.93,-1,-1,-1
141,33,6.37,356.48,54.15,23.10,0.70,-1,-1,-1
142,1,663.41,411.90,409.50,281.54,0.98,-1,-1,-1
142,2,1582.79,378.10,112.30,54.41,0.92,-1,-1,-1
142,33,5.26,355.65,57.61,24.20,0.72,-1,-1,-1
142,3,1576.76,390.30,62.97,43.33,0.38,-1,-1,-1
143,1,665.30,412.33,408.97,280.71,0.97,-1,-1,-1
143,2,1582.02,377.28,116.35,56.29,0.93,-1,-1,-1
143,33,5.20,355.70,58.45,24.10,0.70,-1,-1,-1
144,1,665.11,412.17,410.10,281.04,0.98,-1,-1,-1
144,2,1583.76,377.28,117.78,56.97,0.93,-1,-1,-1
144,33,5.45,355.45,61.41,24.84,0.63,-1,-1,-1
145,1,665.31,411.92,410.46,280.77,0.97,-1,-1,-1
145,2,1584.65,377.21,117.74,56.88,0.92,-1,-1,-1
145,33,5.95,355.97,61.75,24.47,0.59,-1,-1,-1
146,1,664.51,411.26,412.97,282.14,0.98,-1,-1,-1
146,2,1584.88,375.90,119.31,57.69,0.93,-1,-1,-1
146,33,6.81,356.10,62.38,24.11,0.56,-1,-1,-1
147,1,664.98,411.52,412.67,281.44,0.98,-1,-1,-1
147,2,1586.11,375.86,120.70,58.46,0.93,-1,-1,-1
147,34,10.79,351.95,90.90,28.26,0.55,-1,-1,-1
148,1,665.44,412.54,412.13,280.43,0.97,-1,-1,-1
148,2,1587.85,375.99,121.73,59.13,0.94,-1,-1,-1
148,33,5.21,354.36,66.59,25.39,0.41,-1,-1,-1
149,1,665.57,412.82,412.79,280.31,0.97,-1,-1,-1
149,2,1592.66,378.40,116.46,56.41,0.93,-1,-1,-1
149,33,5.38,354.94,67.12,25.14,0.71,-1,-1,-1
150,1,666.12,412.35,412.97,279.97,0.97,-1,-1,-1
150,2,1594.35,375.18,119.29,58.07,0.92,-1,-1,-1
150,33,5.81,355.70,66.23,24.30,0.38,-1,-1,-1
151,1,665.42,412.06,415.19,281.19,0.98,-1,-1,-1
151,2,1597.83,376.84,115.86,56.41,0.91,-1,-1,-1
151,33,41.36,350.42,95.66,30.62,0.20,-1,-1,-1
151,34,38.86,349.35,122.83,33.69,0.28,-1,-1,-1
152,1,665.07,412.18,415.59,280.92,0.98,-1,-1,-1
152,2,1598.26,376.91,115.83,56.34,0.94,-1,-1,-1
152,34,30.18,349.50,130.51,33.92,0.24,-1,-1,-1
153,1,664.64,411.27,417.05,281.46,0.98,-1,-1,-1
153,2,1595.33,375.58,122.21,59.86,0.94,-1,-1,-1
153,34,9.53,351.89,111.63,29.37,0.51,-1,-1,-1
154,1,665.68,412.05,416.15,280.33,0.98,-1,-1,-1
154,2,1597.72,375.21,119.92,58.91,0.93,-1,-1,-1
154,34,2.40,353.84,101.69,26.93,0.80,-1,-1,-1
155,1,664.65,410.33,419.65,282.63,0.97,-1,-1,-1
155,2,1600.24,376.09,117.26,57.56,0.92,-1,-1,-1
155,34,-1.58,352.72,101.55,27.13,0.49,-1,-1,-1
156,1,666.43,411.85,416.70,279.99,0.97,-1,-1,-1
156,2,1602.58,376.17,116.19,57.01,0.93,-1,-1,-1
156,34,-1.30,353.86,98.97,26.50,0.45,-1,-1,-1
157,1,665.69,411.51,418.31,280.71,0.97,-1,-1,-1
157,2,1602.44,373.18,121.37,59.86,0.93,-1,-1,-1
157,34,-0.85,353.90,97.83,26.26,0.81,-1,-1,-1
157,3,1596.28,386.20,63.87,46.51,0.23,-1,-1,-1
158,1,665.47,411.64,418.93,280.67,0.97,-1,-1,-1
158,2,1608.16,376.70,114.94,56.33,0.92,-1,-1,-1
158,34,1.10,353.80,98.78,26.37,0.45,-1,-1,-1
158,3,1600.66,389.80,58.73,42.57,0.27,-1,-1,-1
159,1,665.97,411.70,419.50,280.67,0.98,-1,-1,-1
159,2,1610.80,378.40,112.50,54.89,0.92,-1,-1,-1
159,3,1603.57,392.32,55.74,40.29,0.26,-1,-1,-1
160,1,665.77,411.94,420.46,280.88,0.98,-1,-1,-1
160,2,1611.45,378.84,114.76,56.02,0.93,-1,-1,-1
160,34,-0.13,352.87,101.66,27.17,0.68,-1,-1,-1
161,1,665.84,411.53,420.83,280.58,0.97,-1,-1,-1
161,2,1612.92,379.04,116.97,57.36,0.93,-1,-1,-1
161,34,-2.61,350.51,108.52,29.27,0.80,-1,-1,-1
162,1,665.68,411.80,421.40,280.30,0.96,-1,-1,-1
162,2,1613.22,379.26,117.82,57.94,0.93,-1,-1,-1
162,34,0.70,351.14,106.25,28.45,0.69,-1,-1,-1
163,1,665.62,411.66,421.50,279.81,0.96,-1,-1,-1
163,2,1616.51,381.33,113.01,55.34,0.93,-1,-1,-1
163,34,2.07,351.53,105.44,28.03,0.78,-1,-1,-1
164,1,665.66,412.20,421.52,279.08,0.96,-1,-1,-1
164,2,1618.65,382.00,109.29,52.98,0.93,-1,-1,-1
164,34,3.18,351.47,106.56,28.08,0.77,-1,-1,-1
165,1,664.67,411.08,423.60,279.95,0.97,-1,-1,-1
165,2,1618.41,380.50,112.86,54.60,0.93,-1,-1,-1
165,34,2.84,351.32,107.58,28.18,0.52,-1,-1,-1
166,1,663.38,410.31,426.40,281.31,0.96,-1,-1,-1
166,2,1620.25,381.92,113.22,54.43,0.93,-1,-1,-1
166,34,2.64,351.47,108.44,28.25,0.70,-1,-1,-1
167,1,661.83,408.73,429.70,283.45,0.97,-1,-1,-1
167,2,1621.96,380.35,115.97,55.66,0.93,-1,-1,-1
167,34,2.85,351.08,110.76,28.67,0.78,-1,-1,-1
168,1,661.26,408.63,431.44,284.48,0.96,-1,-1,-1
168,2,1623.51,381.08,114.68,54.63,0.93,-1,-1,-1
168,34,4.23,351.56,110.65,28.35,0.78,-1,-1,-1
169,1,660.38,407.86,433.74,286.05,0.97,-1,-1,-1
169,2,1621.12,377.15,122.56,58.53,0.93,-1,-1,-1
169,34,4.97,351.58,111.07,28.15,0.73,-1,-1,-1
170,1,659.00,406.94,436.12,287.72,0.97,-1,-1,-1
170,2,1624.64,380.12,119.90,57.05,0.93,-1,-1,-1
170,34,4.13,351.14,114.22,28.75,0.77,-1,-1,-1
171,1,660.73,406.45,436.59,288.16,0.96,-1,-1,-1
171,2,1625.95,380.15,118.30,56.04,0.93,-1,-1,-1
171,34,4.40,350.53,117.17,29.49,0.35,-1,-1,-1
172,1,660.94,406.03,437.18,288.49,0.97,-1,-1,-1
172,2,1628.84,380.55,116.38,54.84,0.93,-1,-1,-1
172,34,11.10,349.82,116.45,29.40,0.44,-1,-1,-1
173,1,661.77,406.79,435.60,287.32,0.97,-1,-1,-1
173,2,1628.31,378.99,122.21,57.82,0.93,-1,-1,-1
173,34,6.15,349.49,120.72,30.42,0.42,-1,-1,-1
174,1,662.28,407.28,434.32,286.23,0.97,-1,-1,-1
174,2,1630.80,380.92,118.41,55.72,0.93,-1,-1,-1
174,34,-0.57,348.67,130.91,33.23,0.72,-1,-1,-1
175,1,662.08,407.26,434.71,286.20,0.96,-1,-1,-1
175,2,1628.48,378.02,125.06,59.01,0.94,-1,-1,-1
176,1,662.70,407.92,433.76,285.09,0.95,-1,-1,-1
176,2,1629.67,376.94,126.06,59.74,0.93,-1,-1,-1
176,34,3.40,349.10,126.74,32.11,0.23,-1,-1,-1
177,1,663.65,407.71,433.66,284.56,0.97,-1,-1,-1
177,2,1633.60,378.78,124.39,58.95,0.95,-1,-1,-1
177,34,16.29,349.72,115.61,29.25,0.35,-1,-1,-1
178,1,662.14,406.96,435.75,285.41,0.96,-1,-1,-1
178,2,1634.99,376.44,125.05,59.47,0.93,-1,-1,-1
178,34,15.47,349.94,118.27,29.85,0.42,-1,-1,-1
179,1,662.34,407.97,435.72,284.60,0.95,-1,-1,-1
179,2,1636.32,376.67,125.27,59.81,0.94,-1,-1,-1
179,34,17.96,351.52,115.95,29.08,0.51,-1,-1,-1
180,1,662.91,408.05,436.88,284.75,0.96,-1,-1,-1
180,2,1640.73,379.39,119.04,56.31,0.92,-1,-1,-1
180,34,19.15,351.09,116.02,29.05,0.63,-1,-1,-1
181,1,662.26,407.35,439.16,285.76,0.96,-1,-1,-1
181,2,1640.50,377.47,123.56,58.69,0.94,-1,-1,-1
181,34,19.42,352.22,110.85,27.36,0.66,-1,-1,-1
182,1,663.13,408.14,438.12,284.45,0.95,-1,-1,-1
182,2,1643.07,379.69,122.95,58.45,0.93,-1,-1,-1
182,34,21.59,352.83,107.95,26.37,0.52,-1,-1,-1
183,1,663.85,407.64,438.01,283.84,0.95,-1,-1,-1
183,2,1641.92,378.43,127.80,61.15,0.94,-1,-1,-1
183,34,24.87,353.35,106.47,25.70,0.60,-1,-1,-1
184,1,662.96,407.30,440.35,284.97,0.95,-1,-1,-1
184,2,1641.36,376.69,129.89,62.56,0.93,-1,-1,-1
184,34,27.83,353.71,106.84,25.49,0.71,-1,-1,-1
185,1,664.40,408.46,438.82,283.37,0.96,-1,-1,-1
185,2,1642.06,375.88,132.56,64.42,0.94,-1,-1,-1
185,34,27.75,353.58,107.81,25.44,0.61,-1,-1,-1
186,1,664.32,408.70,438.82,282.69,0.96,-1,-1,-1
186,2,1645.06,376.42,128.87,62.83,0.93,-1,-1,-1
187,1,663.92,408.32,439.72,282.64,0.97,-1,-1,-1
187,2,1649.44,376.93,123.98,60.39,0.93,-1,-1,-1
187,34,37.81,354.40,105.79,24.59,0.82,-1,-1,-1
188,1,663.20,407.85,442.65,284.23,0.96,-1,-1,-1
188,2,1654.08,380.91,116.23,55.88,0.92,-1,-1,-1
188,34,38.71,354.43,107.97,24.75,0.67,-1,-1,-1
189,1,662.43,407.95,443.40,284.19,0.97,-1,-1,-1
189,2,1653.33,378.28,122.58,59.12,0.94,-1,-1,-1
189,34,41.11,352.60,111.79,25.59,0.55,-1,-1,-1
190,1,662.00,407.85,444.71,284.61,0.93,-1,-1,-1
190,2,1655.10,381.08,120.90,58.03,0.94,-1,-1,-1
190,34,34.95,352.67,113.86,26.00,0.57,-1,-1,-1
191,1,661.14,406.88,447.18,286.00,0.94,-1,-1,-1
191,2,1657.19,381.27,120.84,57.97,0.93,-1,-1,-1
191,34,38.41,353.32,111.54,25.21,0.85,-1,-1,-1
192,1,661.72,406.66,447.12,285.59,0.95,-1,-1,-1
192,2,1658.31,380.83,123.37,59.39,0.95,-1,-1,-1
192,34,41.91,353.62,110.72,24.70,0.77,-1,-1,-1
193,1,661.77,406.61,448.33,285.92,0.94,-1,-1,-1
193,2,1661.18,381.65,121.21,58.50,0.95,-1,-1,-1
193,34,43.31,353.07,112.65,24.94,0.76,-1,-1,-1
194,1,661.37,406.38,449.07,285.87,0.96,-1,-1,-1
194,2,1663.68,381.97,118.47,56.89,0.92,-1,-1,-1
194,34,42.42,352.53,115.13,25.42,0.84,-1,-1,-1
195,1,662.01,407.05,448.52,284.97,0.82,-1,-1,-1
195,2,1664.76,383.00,117.69,56.27,0.93,-1,-1,-1
195,34,45.08,352.89,115.10,25.31,0.86,-1,-1,-1
196,1,660.61,405.72,450.85,286.18,0.76,-1,-1,-1
196,2,1665.84,382.98,117.10,55.83,0.93,-1,-1,-1
196,34,41.49,354.21,107.14,23.87,0.86,-1,-1,-1
196,35,671.11,410.44,441.60,269.54,0.56,-1,-1,-1
197,1,662.58,406.50,449.34,284.49,0.93,-1,-1,-1
197,2,1669.53,384.21,114.21,54.06,0.93,-1,-1,-1
197,34,50.22,353.75,107.11,23.66,0.83,-1,-1,-1
198,1,662.83,407.29,449.64,284.05,0.96,-1,-1,-1
198,2,1672.94,384.69,112.99,52.80,0.23,-1,-1,-1
198,34,52.85,352.98,110.95,24.38,0.82,-1,-1,-1
199,1,662.38,407.75,449.82,283.51,0.96,-1,-1,-1
199,2,1672.07,383.46,117.51,54.69,0.94,-1,-1,-1
199,34,52.54,352.84,113.06,24.73,0.81,-1,-1,-1
200,1,659.24,404.86,455.43,286.82,0.96,-1,-1,-1
200,2,1671.11,382.56,121.31,56.28,0.93,-1,-1,-1
200,34,56.59,352.62,112.53,24.44,0.82,-1,-1,-1
201,1,659.21,405.46,455.11,286.19,0.96,-1,-1,-1
201,2,1674.18,384.29,118.79,54.71,0.94,-1,-1,-1
201,34,57.73,352.76,114.76,24.91,0.78,-1,-1,-1
202,1,657.70,403.53,458.21,287.89,0.95,-1,-1,-1
202,2,1674.31,381.68,123.39,56.84,0.94,-1,-1,-1
202,34,59.58,352.98,113.96,24.55,0.66,-1,-1,-1
203,1,658.97,405.31,457.33,286.72,0.96,-1,-1,-1
203,2,1676.68,381.38,121.30,55.64,0.93,-1,-1,-1
203,34,62.08,353.27,110.06,23.64,0.85,-1,-1,-1
204,1,659.09,404.87,457.33,286.29,0.96,-1,-1,-1
204,2,1678.92,382.88,118.70,54.05,0.93,-1,-1,-1
204,34,63.47,353.00,110.35,23.66,0.85,-1,-1,-1
205,1,658.68,404.84,458.78,286.73,0.94,-1,-1,-1
205,2,1677.10,382.23,124.80,56.91,0.94,-1,-1,-1
205,34,62.88,353.24,112.36,24.01,0.84,-1,-1,-1
206,1,657.73,404.56,459.78,286.80,0.94,-1,-1,-1
206,2,1679.77,383.20,123.11,56.13,0.93,-1,-1,-1
206,34,64.86,353.31,115.25,24.51,0.76,-1,-1,-1
207,1,658.59,404.00,460.07,286.64,0.93,-1,-1,-1
207,2,1682.30,383.02,123.27,56.12,0.91,-1,-1,-1
207,34,67.03,353.41,113.69,24.12,0.78,-1,-1,-1
208,1,657.87,404.43,461.67,287.32,0.96,-1,-1,-1
208,2,1683.07,379.39,128.49,58.90,0.93,-1,-1,-1
208,34,70.22,351.65,122.46,25.72,0.52,-1,-1,-1
209,1,657.44,403.83,462.21,287.37,0.95,-1,-1,-1
209,2,1688.93,382.23,121.09,55.17,0.93,-1,-1,-1
209,34,72.75,350.98,125.18,25.80,0.26,-1,-1,-1
210,1,658.46,404.10,461.40,286.37,0.95,-1,-1,-1
210,2,1690.53,382.74,120.40,54.76,0.92,-1,-1,-1
210,34,74.24,352.61,118.11,24.23,0.70,-1,-1,-1
211,1,658.43,402.67,463.64,287.60,0.95,-1,-1,-1
211,2,1692.07,383.01,120.96,55.04,0.28,-1,-1,-1
211,34,72.33,351.26,121.82,25.10,0.90,-1,-1,-1
212,1,656.99,400.49,467.51,289.95,0.90,-1,-1,-1
212,2,1693.24,383.91,121.16,55.04,0.93,-1,-1,-1
212,34,74.79,350.77,121.11,25.09,0.86,-1,-1,-1
213,1,658.02,400.80,465.77,288.28,0.95,-1,-1,-1
213,2,1693.62,382.48,123.79,56.36,0.93,-1,-1,-1
213,34,75.39,350.43,121.19,25.21,0.87,-1,-1,-1
214,1,657.46,400.00,467.03,288.50,0.92,-1,-1,-1
214,2,1693.73,381.84,125.09,56.98,0.93,-1,-1,-1
214,34,77.20,351.13,118.45,24.65,0.88,-1,-1,-1
215,1,658.24,401.08,465.07,286.49,0.94,-1,-1,-1
215,2,1695.66,382.93,124.22,56.49,0.93,-1,-1,-1
215,34,79.55,350.82,119.50,24.89,0.90,-1,-1,-1
216,1,658.39,401.15,465.67,286.13,0.88,-1,-1,-1
216,2,1696.42,381.83,126.78,57.84,0.94,-1,-1,-1
216,34,82.78,351.09,116.94,24.38,0.89,-1,-1,-1
217,1,658.98,401.51,464.60,284.53,0.95,-1,-1,-1
217,2,1697.30,379.79,127.11,58.11,0.93,-1,-1,-1
217,34,86.22,351.29,115.58,24.15,0.88,-1,-1,-1
218,1,657.00,400.67,468.48,286.33,0.46,-1,-1,-1
218,2,1700.08,379.86,126.24,57.79,0.92,-1,-1,-1
218,34,85.23,350.59,119.80,25.07,0.89,-1,-1,-1
219,1,656.27,400.40,470.96,287.34,0.85,-1,-1,-1
219,2,1701.93,381.19,123.67,56.47,0.92,-1,-1,-1
219,34,88.56,351.04,116.38,24.33,0.90,-1,-1,-1
219,44,665.76,405.04,464.50,275.60,0.57,-1,-1,-1
220,1,656.66,399.93,471.92,287.35,0.47,-1,-1,-1
220,2,1703.69,381.51,123.35,56.31,0.92,-1,-1,-1
220,34,89.19,350.06,119.87,25.22,0.90,-1,-1,-1
220,44,667.55,405.30,462.90,274.64,0.91,-1,-1,-1
221,1,655.79,399.84,475.47,289.22,0.71,-1,-1,-1
221,2,1703.80,382.17,126.56,58.04,0.93,-1,-1,-1
221,34,93.70,350.43,119.44,24.99,0.86,-1,-1,-1
221,44,668.14,405.10,464.07,275.34,0.79,-1,-1,-1
222,1,657.47,401.64,472.07,286.41,0.94,-1,-1,-1
222,2,1705.83,382.57,126.43,58.10,0.92,-1,-1,-1
222,34,93.36,350.77,117.82,24.67,0.89,-1,-1,-1
222,44,670.21,406.66,460.01,272.77,0.25,-1,-1,-1
223,1,658.94,402.09,470.80,284.92,0.95,-1,-1,-1
223,2,1709.65,383.76,123.98,56.91,0.92,-1,-1,-1
223,34,92.30,350.23,119.01,25.02,0.89,-1,-1,-1
224,1,659.73,402.38,470.34,283.90,0.88,-1,-1,-1
224,2,1709.16,381.39,127.63,58.89,0.93,-1,-1,-1
224,34,94.75,350.70,116.26,24.40,0.89,-1,-1,-1
225,1,659.77,402.31,471.46,284.04,0.96,-1,-1,-1
225,2,1712.13,382.09,126.30,58.34,0.92,-1,-1,-1
225,34,98.89,350.40,116.94,24.64,0.87,-1,-1,-1
226,1,660.19,402.91,471.19,283.21,0.96,-1,-1,-1
226,2,1714.75,382.62,126.78,58.69,0.92,-1,-1,-1
226,34,101.66,350.87,114.66,24.11,0.86,-1,-1,-1
227,1,657.34,401.42,475.90,285.72,0.96,-1,-1,-1
227,2,1715.38,382.02,127.76,59.36,0.92,-1,-1,-1
227,34,105.38,350.81,112.80,23.70,0.83,-1,-1,-1
228,1,659.12,403.03,474.00,284.68,0.93,-1,-1,-1
228,2,1715.98,381.61,128.44,59.87,0.93,-1,-1,-1
228,34,106.82,350.74,112.65,23.66,0.90,-1,-1,-1
229,1,660.28,403.52,472.41,283.74,0.97,-1,-1,-1
229,2,1717.37,380.80,128.45,60.05,0.93,-1,-1,-1
229,34,108.98,351.22,110.61,23.17,0.89,-1,-1,-1
230,1,660.52,402.67,472.71,283.36,0.94,-1,-1,-1
230,2,1721.25,382.41,123.25,57.28,0.93,-1,-1,-1
230,34,108.95,351.09,111.15,23.28,0.90,-1,-1,-1
231,1,663.22,405.67,469.01,280.94,0.95,-1,-1,-1
231,2,1723.39,382.55,122.22,56.56,0.92,-1,-1,-1
231,34,106.19,349.18,124.45,26.47,0.80,-1,-1,-1
232,1,664.41,407.00,467.58,279.87,0.94,-1,-1,-1
232,2,1723.74,380.30,124.36,57.38,0.92,-1,-1,-1
232,34,102.89,348.65,133.96,28.83,0.79,-1,-1,-1
233,1,664.62,406.73,468.76,280.49,0.96,-1,-1,-1
233,2,1724.81,380.69,124.92,57.54,0.90,-1,-1,-1
233,34,106.00,348.77,130.83,28.36,0.71,-1,-1,-1
234,1,665.21,406.12,469.57,280.87,0.96,-1,-1,-1
234,2,1726.24,382.07,123.76,56.72,0.91,-1,-1,-1
234,34,111.12,349.41,120.54,26.16,0.70,-1,-1,-1
235,1,664.73,407.78,468.60,279.87,0.94,-1,-1,-1
235,2,1727.62,382.67,124.69,57.15,0.91,-1,-1,-1
235,34,111.86,348.28,123.08,26.78,0.46,-1,-1,-1
236,1,664.11,407.93,468.96,279.73,0.95,-1,-1,-1
236,2,1730.16,383.37,122.96,56.20,0.91,-1,-1,-1
236,34,113.55,349.98,118.36,25.81,0.76,-1,-1,-1
237,1,662.92,408.20,468.26,278.68,0.96,-1,-1,-1
237,2,1731.37,382.61,125.74,57.44,0.89,-1,-1,-1
237,34,115.31,349.08,121.21,26.74,0.83,-1,-1,-1
238,1,664.20,407.44,467.21,277.65,0.96,-1,-1,-1
238,2,1733.79,384.28,123.12,55.93,0.89,-1,-1,-1
238,34,111.87,348.24,125.03,27.76,0.79,-1,-1,-1
239,1,664.81,408.13,466.39,276.60,0.95,-1,-1,-1
239,2,1736.09,384.70,121.41,54.88,0.89,-1,-1,-1
239,34,120.11,348.09,126.30,27.87,0.63,-1,-1,-1
240,1,663.70,405.45,470.47,279.11,0.95,-1,-1,-1
240,2,1737.78,386.15,120.22,54.00,0.89,-1,-1,-1
240,34,112.56,347.36,133.42,29.87,0.75,-1,-1,-1
241,1,663.17,404.62,472.97,280.58,0.96,-1,-1,-1
241,2,1739.54,386.45,118.12,52.48,0.89,-1,-1,-1
241,34,112.32,346.66,131.87,29.94,0.77,-1,-1,-1
242,1,662.50,403.08,474.32,281.45,0.95,-1,-1,-1
242,2,1740.13,386.18,118.96,52.52,0.90,-1,-1,-1
242,34,109.20,345.44,136.32,31.11,0.76,-1,-1,-1
243,1,662.19,404.48,472.90,280.17,0.96,-1,-1,-1
243,2,1741.53,385.72,120.78,53.19,0.92,-1,-1,-1
243,34,109.69,344.19,142.36,33.08,0.79,-1,-1,-1
244,1,660.64,403.84,474.82,281.10,0.95,-1,-1,-1
244,2,1743.37,385.63,118.50,51.92,0.91,-1,-1,-1
244,34,115.86,345.71,130.65,30.70,0.76,-1,-1,-1
245,1,661.96,405.49,473.45,279.87,0.95,-1,-1,-1
245,2,1745.44,386.62,116.09,50.41,0.91,-1,-1,-1
245,34,114.76,345.62,129.66,31.00,0.83,-1,-1,-1
246,1,664.86,406.45,471.40,278.42,0.95,-1,-1,-1
246,2,1746.02,386.64,116.60,50.20,0.91,-1,-1,-1
246,34,129.15,346.63,113.07,27.15,0.65,-1,-1,-1
247,1,664.09,406.63,472.24,278.72,0.95,-1,-1,-1
247,2,1743.83,385.12,122.72,52.82,0.92,-1,-1,-1
247,34,126.26,348.33,113.06,27.10,0.80,-1,-1,-1
248,1,662.27,407.11,472.57,278.35,0.94,-1,-1,-1
248,2,1744.94,385.77,120.78,51.65,0.89,-1,-1,-1
248,34,130.08,349.92,106.33,25.48,0.61,-1,-1,-1
249,1,660.19,406.23,474.75,279.11,0.95,-1,-1,-1
249,2,1746.26,386.21,120.81,51.46,0.92,-1,-1,-1
249,34,131.14,349.56,108.49,25.88,0.34,-1,-1,-1
250,1,657.51,404.79,478.45,281.02,0.86,-1,-1,-1
250,2,1747.48,386.58,121.37,51.51,0.91,-1,-1,-1
250,34,131.00,347.69,118.72,28.45,0.80,-1,-1,-1
251,1,657.39,405.06,477.45,279.07,0.90,-1,-1,-1
251,2,1739.81,380.12,138.21,59.60,0.93,-1,-1,-1
251,34,127.55,346.31,127.23,30.81,0.81,-1,-1,-1
252,1,656.92,405.39,478.85,279.65,0.94,-1,-1,-1
252,2,1740.08,379.15,139.52,60.89,0.92,-1,-1,-1
252,34,119.99,341.75,142.19,35.20,0.83,-1,-1,-1
253,1,657.33,405.37,478.71,279.43,0.95,-1,-1,-1
253,2,1743.08,381.35,134.64,59.06,0.90,-1,-1,-1
253,34,122.21,342.63,134.35,33.26,0.76,-1,-1,-1
254,1,657.30,407.37,476.76,277.57,0.96,-1,-1,-1
254,2,1744.56,381.28,132.99,58.63,0.90,-1,-1,-1
254,34,131.49,344.44,120.53,29.68,0.74,-1,-1,-1
255,1,656.46,407.32,477.45,277.39,0.96,-1,-1,-1
255,2,1747.08,382.64,129.81,57.39,0.90,-1,-1,-1
255,34,130.85,344.49,122.25,30.31,0.79,-1,-1,-1
256,1,655.15,406.64,478.73,277.62,0.96,-1,-1,-1
256,2,1744.75,379.89,137.63,61.67,0.92,-1,-1,-1
256,34,140.06,348.08,114.59,27.92,0.62,-1,-1,-1
257,1,654.17,406.01,480.62,278.46,0.95,-1,-1,-1
257,2,1747.92,381.84,131.95,59.27,0.89,-1,-1,-1
257,34,134.26,346.83,121.38,29.65,0.80,-1,-1,-1
258,1,653.09,405.79,481.88,278.89,0.95,-1,-1,-1
258,2,1747.28,379.31,138.93,63.28,0.92,-1,-1,-1
258,34,136.66,347.85,116.82,28.39,0.76,-1,-1,-1
259,1,652.30,406.32,482.00,278.63,0.94,-1,-1,-1
259,2,1747.93,378.09,141.68,65.44,0.94,-1,-1,-1
259,34,141.39,348.02,112.25,26.95,0.65,-1,-1,-1
