1,1,522.23,354.38,94.18,21.76,0.91,-1,-1,-1
1,2,207.29,401.16,256.16,50.77,0.88,-1,-1,-1
1,3,568.12,545.48,875.99,279.47,0.81,-1,-1,-1
1,4,394.46,401.31,88.55,42.67,0.40,-1,-1,-1
2,1,524.32,354.58,93.18,21.52,0.91,-1,-1,-1
2,2,213.26,402.81,245.21,48.56,0.83,-1,-1,-1
2,3,566.44,541.25,898.00,286.50,0.78,-1,-1,-1
2,4,396.37,401.86,87.93,42.38,0.33,-1,-1,-1
3,1,526.23,354.48,93.18,21.52,0.91,-1,-1,-1
3,2,211.70,401.67,251.45,49.78,0.86,-1,-1,-1
3,3,578.47,549.36,874.24,278.59,0.79,-1,-1,-1
3,4,395.63,401.94,86.06,41.33,0.34,-1,-1,-1
3,5,211.61,401.70,239.03,48.18,0.44,-1,-1,-1
4,1,528.12,354.38,93.07,21.49,0.92,-1,-1,-1
4,2,214.50,401.62,251.90,49.81,0.88,-1,-1,-1
4,3,573.44,548.91,880.01,280.48,0.70,-1,-1,-1
4,5,213.91,401.39,240.51,48.51,0.48,-1,-1,-1
5,1,530.40,354.64,92.28,21.29,0.92,-1,-1,-1
5,2,213.45,401.41,254.80,50.37,0.87,-1,-1,-1
5,3,602.53,552.58,837.66,265.91,0.22,-1,-1,-1
5,5,213.88,401.40,242.76,49.05,0.59,-1,-1,-1
5,6,1658.58,295.84,97.32,20.91,0.22,-1,-1,-1
6,1,531.85,354.70,91.10,21.00,0.92,-1,-1,-1
6,2,217.04,401.65,251.97,49.75,0.88,-1,-1,-1
6,3,623.19,558.96,803.22,253.16,0.33,-1,-1,-1
6,5,217.03,401.49,238.60,48.25,0.63,-1,-1,-1
6,7,578.40,542.85,863.02,282.52,0.66,-1,-1,-1
7,1,532.59,353.99,91.91,21.22,0.91,-1,-1,-1
7,2,214.43,400.66,256.64,50.73,0.87,-1,-1,-1
7,3,627.27,561.40,790.80,247.67,0.24,-1,-1,-1
7,5,216.54,400.84,240.62,48.77,0.51,-1,-1,-1
7,7,576.34,543.50,860.23,281.47,0.68,-1,-1,-1
8,1,534.19,354.04,91.76,21.22,0.91,-1,-1,-1
8,2,217.38,400.52,253.84,50.13,0.88,-1,-1,-1
8,5,219.57,400.83,235.83,47.86,0.70,-1,-1,-1
8,7,565.99,534.04,891.96,291.74,0.78,-1,-1,-1
9,1,535.74,354.10,92.06,21.31,0.91,-1,-1,-1
9,2,218.60,400.22,256.99,50.69,0.39,-1,-1,-1
9,5,221.20,400.58,237.13,48.14,0.42,-1,-1,-1
9,7,608.49,539.37,860.59,279.94,0.73,-1,-1,-1
9,4,292.69,398.80,120.07,51.27,0.63,-1,-1,-1
10,1,537.06,354.03,91.14,21.10,0.90,-1,-1,-1
10,2,221.81,399.28,258.00,50.66,0.88,-1,-1,-1
10,5,222.87,400.71,235.07,47.70,0.47,-1,-1,-1
10,7,622.58,539.55,860.21,278.22,0.78,-1,-1,-1
11,1,537.74,353.86,91.56,21.25,0.92,-1,-1,-1
11,2,317.54,401.15,209.26,43.07,0.54,-1,-1,-1
11,5,215.77,399.04,248.42,50.66,0.86,-1,-1,-1
11,7,628.99,540.11,865.85,278.02,0.76,-1,-1,-1
12,1,538.60,354.20,91.13,21.22,0.92,-1,-1,-1
12,2,359.04,402.54,180.04,38.67,0.48,-1,-1,-1
12,5,220.31,399.67,240.60,49.08,0.47,-1,-1,-1
12,7,624.49,540.37,875.41,278.80,0.74,-1,-1,-1
12,4,274.84,400.85,124.28,47.86,0.61,-1,-1,-1
13,1,540.31,354.04,91.02,21.32,0.93,-1,-1,-1
13,2,373.76,403.35,165.74,37.12,0.38,-1,-1,-1
13,5,224.49,399.53,239.07,48.67,0.91,-1,-1,-1
13,7,601.43,535.23,895.69,283.90,0.76,-1,-1,-1
13,4,271.38,401.04,132.64,46.86,0.56,-1,-1,-1
14,1,541.76,353.57,91.35,21.50,0.93,-1,-1,-1
14,2,383.95,404.52,154.58,36.05,0.55,-1,-1,-1
14,5,226.14,400.21,234.49,47.70,0.87,-1,-1,-1
14,7,597.69,536.37,895.20,282.34,0.74,-1,-1,-1
14,4,268.65,401.47,140.29,46.04,0.65,-1,-1,-1
15,1,543.80,353.23,91.43,21.55,0.93,-1,-1,-1
15,2,387.16,403.68,150.08,36.42,0.55,-1,-1,-1
15,5,224.41,399.95,233.31,47.54,0.41,-1,-1,-1
15,7,610.79,545.90,868.98,272.18,0.61,-1,-1,-1
16,1,545.83,353.70,89.24,21.02,0.92,-1,-1,-1
16,2,388.56,402.50,149.67,37.84,0.65,-1,-1,-1
16,5,225.69,399.48,234.45,47.81,0.93,-1,-1,-1
16,7,602.54,545.43,874.01,272.33,0.51,-1,-1,-1
16,3,533.67,527.51,964.44,303.96,0.46,-1,-1,-1
16,4,264.75,400.08,154.00,48.01,0.25,-1,-1,-1
17,1,546.79,353.66,89.23,21.00,0.93,-1,-1,-1
17,2,389.32,401.85,147.90,38.85,0.62,-1,-1,-1
17,5,226.79,397.91,239.53,49.03,0.92,-1,-1,-1
17,7,593.35,541.25,893.75,277.17,0.59,-1,-1,-1
17,3,531.34,523.04,977.28,309.45,0.37,-1,-1,-1
18,1,547.65,353.78,90.05,21.27,0.93,-1,-1,-1
18,2,390.34,401.18,146.00,39.86,0.49,-1,-1,-1
18,5,233.40,396.87,252.58,51.56,0.93,-1,-1,-1
18,3,556.82,526.31,951.04,298.94,0.74,-1,-1,-1
18,4,263.09,398.65,166.79,49.89,0.29,-1,-1,-1
19,1,550.03,353.99,88.22,20.89,0.93,-1,-1,-1
19,2,392.81,400.83,141.58,40.10,0.49,-1,-1,-1
19,5,237.39,396.90,251.61,51.20,0.92,-1,-1,-1
19,3,546.79,526.35,963.17,304.03,0.23,-1,-1,-1
19,4,262.66,398.61,172.20,49.63,0.30,-1,-1,-1
20,1,551.73,353.45,89.31,21.15,0.93,-1,-1,-1
20,2,392.64,400.19,140.55,41.27,0.33,-1,-1,-1
20,5,239.61,396.48,254.77,51.64,0.92,-1,-1,-1
20,3,575.66,536.42,917.07,287.60,0.64,-1,-1,-1
20,4,262.14,398.82,177.04,49.35,0.23,-1,-1,-1
20,11,363.33,344.36,78.72,16.35,0.20,-1,-1,-1
21,1,553.53,353.99,88.79,21.02,0.93,-1,-1,-1
21,5,243.96,397.47,252.69,51.02,0.92,-1,-1,-1
21,3,579.19,529.31,932.20,291.19,0.73,-1,-1,-1
21,4,264.18,399.60,179.39,48.42,0.52,-1,-1,-1
22,1,554.70,354.11,88.84,21.02,0.93,-1,-1,-1
22,5,245.66,397.42,253.83,51.04,0.92,-1,-1,-1
22,3,568.65,520.94,949.58,296.67,0.75,-1,-1,-1
22,4,265.39,399.72,182.00,47.73,0.57,-1,-1,-1
23,1,556.47,354.11,88.39,20.92,0.93,-1,-1,-1
23,5,245.68,396.90,258.20,51.91,0.92,-1,-1,-1
23,3,553.10,507.46,995.44,310.95,0.84,-1,-1,-1
23,4,265.77,399.43,187.89,48.03,0.36,-1,-1,-1
24,1,557.72,354.17,88.04,20.83,0.93,-1,-1,-1
24,5,244.02,395.72,264.92,53.42,0.93,-1,-1,-1
24,3,546.67,502.77,1013.39,316.83,0.83,-1,-1,-1
25,1,559.41,354.37,87.80,20.70,0.95,-1,-1,-1
25,5,248.92,397.11,257.79,51.83,0.91,-1,-1,-1
25,3,534.55,495.37,1041.38,326.50,0.85,-1,-1,-1
25,4,268.54,400.03,188.84,46.89,0.47,-1,-1,-1
26,1,560.70,354.14,88.67,20.83,0.94,-1,-1,-1
26,5,252.32,397.45,253.50,50.82,0.91,-1,-1,-1
26,3,539.34,499.18,1018.47,319.97,0.82,-1,-1,-1
26,6,1666.29,297.85,91.14,19.13,0.21,-1,-1,-1
27,1,562.23,354.15,88.48,20.69,0.94,-1,-1,-1
27,5,254.76,398.03,250.28,50.00,0.91,-1,-1,-1
27,3,531.62,493.46,1034.81,326.39,0.83,-1,-1,-1
27,4,273.83,399.13,197.70,48.02,0.23,-1,-1,-1
28,1,563.99,354.02,88.90,20.75,0.93,-1,-1,-1
28,5,252.55,396.98,255.89,51.10,0.91,-1,-1,-1
28,3,540.10,504.19,988.96,313.17,0.81,-1,-1,-1
29,1,564.68,353.63,91.32,21.36,0.92,-1,-1,-1
29,5,256.47,398.20,248.85,49.47,0.89,-1,-1,-1
29,3,538.13,508.95,966.30,308.23,0.82,-1,-1,-1
29,4,275.22,399.22,200.77,47.82,0.45,-1,-1,-1
30,1,565.82,353.61,91.83,21.52,0.92,-1,-1,-1
30,5,254.55,397.36,255.79,50.89,0.91,-1,-1,-1
30,3,542.82,508.67,963.20,309.00,0.81,-1,-1,-1
30,14,1161.49,365.96,98.83,20.34,0.23,-1,-1,-1
31,1,566.49,353.34,92.09,21.62,0.93,-1,-1,-1
31,5,255.95,397.49,254.24,50.59,0.87,-1,-1,-1
31,3,549.41,521.79,904.38,292.13,0.67,-1,-1,-1
31,4,273.46,398.37,207.87,48.81,0.27,-1,-1,-1
32,1,566.85,353.38,92.44,21.75,0.93,-1,-1,-1
32,5,254.22,396.19,260.82,52.08,0.90,-1,-1,-1
32,3,558.30,527.95,882.17,286.42,0.68,-1,-1,-1
33,1,568.19,353.09,92.43,21.83,0.93,-1,-1,-1
33,5,256.13,395.86,259.13,51.85,0.86,-1,-1,-1
33,3,554.21,522.34,899.74,293.45,0.71,-1,-1,-1
33,4,270.23,397.11,214.21,49.87,0.21,-1,-1,-1
34,1,570.10,353.19,91.12,21.55,0.93,-1,-1,-1
34,5,254.44,394.57,266.07,53.51,0.88,-1,-1,-1
34,3,564.02,518.28,915.65,298.51,0.68,-1,-1,-1
35,1,572.48,353.45,90.70,21.46,0.92,-1,-1,-1
35,5,259.30,395.76,257.18,51.72,0.84,-1,-1,-1
35,3,570.21,517.45,927.68,302.33,0.66,-1,-1,-1
35,4,270.82,397.31,215.01,49.60,0.31,-1,-1,-1
36,1,573.42,353.43,90.65,21.40,0.92,-1,-1,-1
36,5,256.86,394.46,266.89,54.07,0.90,-1,-1,-1
36,3,570.81,523.14,899.52,293.84,0.64,-1,-1,-1
37,1,575.33,353.26,90.55,21.39,0.93,-1,-1,-1
37,5,259.27,394.45,263.25,53.57,0.87,-1,-1,-1
37,3,565.71,524.93,890.72,292.06,0.67,-1,-1,-1
37,4,270.96,396.48,219.61,50.46,0.28,-1,-1,-1
38,1,576.52,352.89,92.08,21.79,0.92,-1,-1,-1
38,5,260.77,393.93,265.59,54.35,0.73,-1,-1,-1
38,3,567.06,520.17,910.02,298.66,0.70,-1,-1,-1
39,1,578.08,352.87,92.30,21.90,0.92,-1,-1,-1
39,5,263.21,393.53,267.19,54.85,0.90,-1,-1,-1
39,3,577.54,528.43,871.30,285.77,0.60,-1,-1,-1
39,4,274.32,396.48,221.66,50.62,0.21,-1,-1,-1
40,1,580.21,352.91,90.99,21.59,0.92,-1,-1,-1
40,5,264.39,393.19,268.73,55.41,0.95,-1,-1,-1
40,3,561.63,523.14,881.33,290.62,0.66,-1,-1,-1
40,4,275.69,396.63,222.21,50.49,0.31,-1,-1,-1
41,1,581.34,352.94,90.67,21.48,0.90,-1,-1,-1
41,5,267.43,393.56,263.16,54.29,0.93,-1,-1,-1
41,3,556.10,510.89,920.00,303.25,0.79,-1,-1,-1
41,4,276.37,396.76,221.21,49.92,0.44,-1,-1,-1
42,1,583.65,353.41,89.53,21.18,0.91,-1,-1,-1
42,5,272.24,394.41,255.37,52.55,0.94,-1,-1,-1
42,3,549.55,508.66,922.87,304.50,0.81,-1,-1,-1
42,4,279.29,397.42,217.27,48.57,0.60,-1,-1,-1
43,1,584.31,353.19,90.01,21.29,0.91,-1,-1,-1
43,5,274.87,394.68,250.88,51.49,0.92,-1,-1,-1
43,3,553.90,509.92,922.40,304.69,0.80,-1,-1,-1
43,4,279.84,397.67,215.48,47.88,0.66,-1,-1,-1
44,1,585.88,353.64,87.94,20.74,0.94,-1,-1,-1
44,5,277.78,395.11,248.58,50.85,0.92,-1,-1,-1
44,3,554.36,507.09,933.47,308.28,0.82,-1,-1,-1
44,4,282.43,398.15,213.36,47.02,0.66,-1,-1,-1
45,1,587.38,353.26,89.11,21.05,0.92,-1,-1,-1
45,5,280.77,395.53,246.20,50.13,0.90,-1,-1,-1
45,3,555.84,501.56,963.74,317.52,0.85,-1,-1,-1
45,4,284.82,398.66,210.87,46.09,0.85,-1,-1,-1
46,1,588.33,353.44,89.86,21.27,0.92,-1,-1,-1
46,5,277.37,393.67,255.97,52.24,0.92,-1,-1,-1
46,3,546.45,494.77,991.91,327.14,0.87,-1,-1,-1
46,4,281.49,397.27,218.76,47.81,0.63,-1,-1,-1
47,1,590.27,353.36,87.64,20.76,0.93,-1,-1,-1
47,5,278.12,393.13,257.15,52.53,0.91,-1,-1,-1
47,3,542.86,493.01,1007.71,332.39,0.87,-1,-1,-1
47,4,280.83,396.87,221.54,48.37,0.51,-1,-1,-1
47,6,1728.99,299.14,73.69,16.38,0.27,-1,-1,-1
48,1,591.10,353.15,88.55,21.02,0.93,-1,-1,-1
48,5,280.42,394.04,253.95,51.82,0.92,-1,-1,-1
48,3,542.17,492.42,1010.50,333.31,0.86,-1,-1,-1
48,4,283.67,397.41,217.66,47.31,0.72,-1,-1,-1
49,1,591.91,353.26,88.31,21.02,0.93,-1,-1,-1
49,5,279.58,393.31,258.59,52.91,0.92,-1,-1,-1
49,3,546.41,495.31,1000.57,329.75,0.86,-1,-1,-1
49,4,284.85,395.80,227.28,49.60,0.22,-1,-1,-1
50,1,593.87,353.34,87.76,20.87,0.92,-1,-1,-1
50,5,279.23,392.31,261.77,53.76,0.93,-1,-1,-1
50,3,542.15,494.14,1002.82,330.79,0.85,-1,-1,-1
51,1,595.23,353.11,89.31,21.27,0.93,-1,-1,-1
51,5,282.14,392.92,257.01,52.78,0.93,-1,-1,-1
51,3,534.83,489.61,1008.69,333.96,0.81,-1,-1,-1
51,4,286.85,395.35,227.25,49.73,0.28,-1,-1,-1
52,1,596.80,352.86,88.87,21.17,0.93,-1,-1,-1
52,5,283.42,392.65,256.42,52.73,0.93,-1,-1,-1
52,3,523.21,486.43,1012.49,337.27,0.83,-1,-1,-1
53,1,599.00,352.75,89.60,21.34,0.93,-1,-1,-1
53,5,284.60,392.41,254.97,52.50,0.93,-1,-1,-1
53,3,516.67,486.95,996.74,334.44,0.84,-1,-1,-1
53,14,1160.05,362.80,111.23,23.19,0.34,-1,-1,-1
53,4,287.54,395.03,225.68,49.67,0.25,-1,-1,-1
54,1,600.91,352.89,88.38,20.99,0.93,-1,-1,-1
54,5,288.11,392.60,253.85,52.27,0.93,-1,-1,-1
54,3,525.94,487.89,996.96,335.21,0.85,-1,-1,-1
55,1,602.74,352.69,88.88,21.06,0.92,-1,-1,-1
55,5,291.29,393.19,252.45,51.98,0.92,-1,-1,-1
55,3,523.95,489.43,983.88,332.53,0.84,-1,-1,-1
55,4,293.30,395.55,223.06,49.09,0.25,-1,-1,-1
56,1,603.32,352.00,89.66,21.33,0.93,-1,-1,-1
56,5,293.24,393.66,251.95,51.82,0.91,-1,-1,-1
56,3,526.01,489.52,976.97,331.20,0.78,-1,-1,-1
56,4,295.62,395.99,221.21,48.61,0.44,-1,-1,-1
57,1,604.86,352.55,87.50,20.81,0.92,-1,-1,-1
57,5,292.72,393.07,257.07,53.02,0.92,-1,-1,-1
57,3,531.14,488.67,975.56,331.01,0.86,-1,-1,-1
58,1,605.47,351.95,88.44,21.13,0.91,-1,-1,-1
58,5,293.75,392.85,257.13,53.11,0.91,-1,-1,-1
58,3,533.20,487.34,992.04,337.00,0.86,-1,-1,-1
58,4,295.66,395.55,224.96,49.60,0.24,-1,-1,-1
59,1,606.35,351.98,89.55,21.44,0.92,-1,-1,-1
59,5,294.58,392.69,259.88,53.92,0.92,-1,-1,-1
59,3,523.42,481.35,1016.94,346.70,0.88,-1,-1,-1
60,1,607.83,351.88,88.90,21.29,0.91,-1,-1,-1
60,5,299.47,394.16,252.18,52.20,0.91,-1,-1,-1
60,3,518.90,477.89,1019.26,348.98,0.88,-1,-1,-1
60,4,301.92,397.29,216.01,47.40,0.67,-1,-1,-1
61,1,609.71,351.80,89.17,21.37,0.93,-1,-1,-1
61,5,297.74,392.97,257.42,53.44,0.94,-1,-1,-1
61,3,519.53,476.75,1027.93,352.86,0.87,-1,-1,-1
62,1,611.55,351.87,89.62,21.43,0.92,-1,-1,-1
62,5,300.23,393.21,255.11,53.02,0.92,-1,-1,-1
62,3,516.78,475.19,1025.36,353.62,0.88,-1,-1,-1
62,4,303.51,396.40,219.50,48.04,0.28,-1,-1,-1
63,1,611.90,351.86,89.64,21.47,0.92,-1,-1,-1
63,5,299.65,392.45,258.06,53.81,0.90,-1,-1,-1
63,3,514.95,472.25,1034.89,358.55,0.88,-1,-1,-1
64,1,613.66,352.02,89.60,21.47,0.93,-1,-1,-1
64,5,300.29,392.00,258.09,53.94,0.91,-1,-1,-1
64,3,522.35,475.41,1028.59,357.19,0.86,-1,-1,-1
65,1,614.71,351.97,89.22,21.40,0.93,-1,-1,-1
65,5,297.09,390.49,266.24,56.09,0.93,-1,-1,-1
65,3,522.46,474.20,1028.89,358.40,0.88,-1,-1,-1
66,1,616.28,351.84,89.08,21.38,0.93,-1,-1,-1
66,5,301.21,391.03,259.58,54.77,0.92,-1,-1,-1
66,3,521.55,469.15,1044.03,364.85,0.88,-1,-1,-1
67,1,617.50,351.81,88.82,21.37,0.93,-1,-1,-1
67,5,302.99,391.45,256.41,54.18,0.93,-1,-1,-1
67,3,524.14,471.09,1039.71,364.17,0.87,-1,-1,-1
68,1,619.21,351.82,88.81,21.35,0.93,-1,-1,-1
68,5,304.39,391.78,255.86,54.15,0.92,-1,-1,-1
68,3,535.10,479.78,1006.65,352.56,0.84,-1,-1,-1
69,1,620.84,351.46,88.10,21.19,0.93,-1,-1,-1
69,5,306.82,392.11,250.55,52.97,0.91,-1,-1,-1
69,3,524.34,474.21,1026.73,360.68,0.89,-1,-1,-1
69,4,314.98,395.18,218.69,47.36,0.34,-1,-1,-1
70,1,621.55,351.69,87.86,21.18,0.93,-1,-1,-1
70,5,307.33,392.06,252.45,53.39,0.92,-1,-1,-1
70,3,526.50,473.01,1034.63,363.67,0.89,-1,-1,-1
71,1,623.19,351.55,87.32,21.07,0.92,-1,-1,-1
71,5,305.62,391.07,259.53,55.17,0.93,-1,-1,-1
71,3,524.14,475.73,1010.81,356.38,0.88,-1,-1,-1
72,1,625.56,351.50,87.80,21.19,0.92,-1,-1,-1
72,5,309.28,391.58,253.61,53.94,0.91,-1,-1,-1
72,3,528.79,478.33,1003.58,354.01,0.88,-1,-1,-1
72,4,317.80,394.93,222.11,47.76,0.34,-1,-1,-1
73,1,626.65,351.23,88.67,21.44,0.91,-1,-1,-1
73,5,313.62,392.38,247.47,52.50,0.91,-1,-1,-1
73,3,527.80,479.20,1002.78,354.34,0.87,-1,-1,-1
73,4,318.50,394.89,221.89,47.45,0.46,-1,-1,-1
74,1,628.48,351.34,88.20,21.33,0.92,-1,-1,-1
74,5,311.97,390.96,253.30,53.93,0.83,-1,-1,-1
74,3,535.07,485.34,976.37,345.30,0.82,-1,-1,-1
74,4,317.42,394.18,225.95,48.44,0.48,-1,-1,-1
75,1,630.10,351.38,88.06,21.29,0.92,-1,-1,-1
75,5,319.08,391.55,244.56,51.73,0.86,-1,-1,-1
75,3,529.26,484.85,971.50,344.77,0.83,-1,-1,-1
75,4,320.37,395.12,219.90,46.95,0.78,-1,-1,-1
76,1,630.89,350.94,88.49,21.43,0.92,-1,-1,-1
76,5,317.73,392.28,246.30,52.08,0.71,-1,-1,-1
76,3,520.73,478.79,993.11,353.90,0.85,-1,-1,-1
76,4,320.29,395.43,220.11,46.94,0.50,-1,-1,-1
77,1,631.75,350.85,89.23,21.63,0.92,-1,-1,-1
77,5,313.65,390.27,256.62,54.59,0.70,-1,-1,-1
77,3,523.51,477.67,996.77,356.02,0.83,-1,-1,-1
77,4,317.86,393.79,227.82,48.80,0.56,-1,-1,-1
78,1,634.03,350.89,88.33,21.34,0.92,-1,-1,-1
78,5,316.58,389.87,256.08,54.55,0.69,-1,-1,-1
78,3,534.29,482.39,977.21,348.39,0.81,-1,-1,-1
78,4,317.94,393.20,230.15,49.51,0.54,-1,-1,-1
79,1,636.15,351.62,85.76,20.61,0.96,-1,-1,-1
79,5,320.37,389.69,252.97,53.81,0.95,-1,-1,-1
79,3,546.34,484.77,972.65,345.31,0.80,-1,-1,-1
79,4,319.92,393.21,227.35,48.95,0.67,-1,-1,-1
80,1,637.62,351.44,85.95,20.64,0.93,-1,-1,-1
80,5,319.72,388.40,257.56,54.99,0.95,-1,-1,-1
80,3,547.83,485.55,964.36,341.40,0.77,-1,-1,-1
80,4,319.76,392.10,230.63,49.93,0.33,-1,-1,-1
81,1,638.86,351.17,85.97,20.62,0.93,-1,-1,-1
81,5,322.94,388.98,253.98,54.26,0.94,-1,-1,-1
81,3,544.17,481.68,983.49,347.82,0.82,-1,-1,-1
81,4,403.71,395.58,194.54,44.66,0.26,-1,-1,-1
82,1,640.41,351.62,84.79,20.33,0.93,-1,-1,-1
82,5,324.25,388.70,253.64,54.29,0.95,-1,-1,-1
82,3,529.45,473.17,1011.89,358.90,0.84,-1,-1,-1
82,4,437.99,396.27,178.57,43.32,0.32,-1,-1,-1
83,1,640.53,351.18,87.06,20.89,0.93,-1,-1,-1
83,5,326.17,389.74,249.29,53.28,0.94,-1,-1,-1
83,3,526.51,471.42,1020.46,362.67,0.84,-1,-1,-1
83,4,376.48,394.59,195.86,46.94,0.25,-1,-1,-1
84,1,641.74,351.13,86.53,20.76,0.93,-1,-1,-1
84,5,327.44,389.53,249.90,53.50,0.95,-1,-1,-1
84,3,516.30,469.22,1017.94,363.76,0.82,-1,-1,-1
84,4,353.75,393.58,205.24,48.87,0.54,-1,-1,-1
85,1,643.13,350.96,87.39,20.99,0.94,-1,-1,-1
85,5,326.84,388.97,254.60,54.65,0.95,-1,-1,-1
85,3,513.66,469.55,1012.00,363.19,0.85,-1,-1,-1
85,4,420.74,395.32,176.35,44.08,0.27,-1,-1,-1
86,1,644.98,350.86,88.01,21.12,0.94,-1,-1,-1
86,5,329.34,389.04,253.62,54.57,0.95,-1,-1,-1
86,3,515.53,467.58,1015.88,365.90,0.83,-1,-1,-1
86,4,372.37,393.41,195.52,48.29,0.30,-1,-1,-1
87,1,646.87,351.39,84.86,20.30,0.93,-1,-1,-1
87,5,331.61,389.10,251.14,54.14,0.93,-1,-1,-1
87,3,518.79,470.79,994.49,359.59,0.84,-1,-1,-1
87,4,355.86,393.03,202.04,49.37,0.51,-1,-1,-1
88,1,646.55,350.73,88.27,21.19,0.93,-1,-1,-1
88,5,335.59,389.93,247.24,53.30,0.92,-1,-1,-1
88,3,516.56,467.46,1001.22,363.41,0.85,-1,-1,-1
88,4,351.11,393.42,203.04,49.01,0.64,-1,-1,-1
89,1,650.43,351.72,84.09,20.04,0.93,-1,-1,-1
89,5,336.44,389.16,249.41,53.90,0.94,-1,-1,-1
89,3,520.09,466.06,1002.51,365.03,0.83,-1,-1,-1
89,4,348.14,392.90,206.29,49.35,0.36,-1,-1,-1
90,1,651.33,351.50,85.09,20.23,0.93,-1,-1,-1
90,5,337.83,388.37,250.33,54.24,0.95,-1,-1,-1
90,3,517.77,467.49,990.20,362.06,0.82,-1,-1,-1
90,4,347.16,392.16,209.63,49.76,0.22,-1,-1,-1
91,1,652.05,351.25,84.68,20.06,0.91,-1,-1,-1
91,5,342.62,389.50,242.64,52.56,0.86,-1,-1,-1
91,3,517.36,466.13,987.99,362.88,0.84,-1,-1,-1
91,4,349.45,393.26,205.18,48.31,0.83,-1,-1,-1
92,1,653.80,351.27,84.81,20.04,0.91,-1,-1,-1
92,5,346.08,390.46,238.10,51.51,0.86,-1,-1,-1
92,3,521.69,467.60,983.18,362.23,0.84,-1,-1,-1
92,4,352.11,393.98,203.28,47.42,0.87,-1,-1,-1
93,1,655.35,351.35,83.92,19.80,0.92,-1,-1,-1
93,5,349.60,391.36,233.59,50.34,0.72,-1,-1,-1
93,3,527.42,472.34,962.40,355.51,0.83,-1,-1,-1
93,4,353.28,394.82,200.65,46.38,0.89,-1,-1,-1
94,1,655.74,351.26,84.65,19.95,0.91,-1,-1,-1
94,5,346.76,389.34,241.74,52.20,0.94,-1,-1,-1
94,3,528.46,472.81,960.91,356.00,0.84,-1,-1,-1
94,4,352.01,393.42,206.29,47.48,0.74,-1,-1,-1
95,1,656.64,351.21,85.22,20.12,0.91,-1,-1,-1
95,5,348.06,388.91,242.28,52.38,0.93,-1,-1,-1
95,3,538.95,471.02,973.98,360.87,0.85,-1,-1,-1
95,4,353.38,393.27,207.00,47.36,0.80,-1,-1,-1
96,1,656.53,350.57,88.11,20.87,0.94,-1,-1,-1
96,5,350.38,389.48,242.41,52.43,0.91,-1,-1,-1
96,3,540.40,474.12,963.64,357.35,0.82,-1,-1,-1
96,4,355.78,393.68,207.16,47.16,0.75,-1,-1,-1
97,1,658.79,350.99,85.89,20.36,0.93,-1,-1,-1
97,5,349.89,388.94,243.93,52.87,0.92,-1,-1,-1
97,3,539.61,476.97,947.30,351.65,0.82,-1,-1,-1
97,4,354.74,392.94,210.72,47.88,0.69,-1,-1,-1
98,1,659.20,350.48,87.67,20.84,0.92,-1,-1,-1
98,5,348.05,387.54,251.32,54.75,0.94,-1,-1,-1
98,3,539.60,475.48,951.13,353.27,0.81,-1,-1,-1
99,1,662.11,351.19,85.25,20.22,0.92,-1,-1,-1
99,5,351.01,387.97,247.85,54.12,0.93,-1,-1,-1
99,3,547.09,478.72,942.06,349.37,0.79,-1,-1,-1
100,1,663.45,351.52,85.76,20.31,0.92,-1,-1,-1
100,5,351.86,387.85,246.96,54.09,0.93,-1,-1,-1
100,3,541.05,477.84,945.97,351.39,0.80,-1,-1,-1
101,1,664.44,351.13,86.67,20.52,0.93,-1,-1,-1
101,5,356.34,388.71,242.21,53.00,0.92,-1,-1,-1
101,3,539.88,473.96,959.86,356.69,0.84,-1,-1,-1
101,4,366.11,393.26,210.95,47.36,0.53,-1,-1,-1
102,1,664.44,350.85,87.52,20.67,0.92,-1,-1,-1
102,5,358.13,388.92,240.45,52.64,0.91,-1,-1,-1
102,3,537.58,469.32,976.95,363.31,0.84,-1,-1,-1
102,4,366.36,393.26,212.13,47.26,0.61,-1,-1,-1
103,1,664.75,350.71,89.20,21.19,0.93,-1,-1,-1
103,5,359.37,388.39,240.87,52.74,0.91,-1,-1,-1
103,3,536.06,469.59,975.84,363.10,0.84,-1,-1,-1
103,4,366.78,392.63,214.50,47.53,0.66,-1,-1,-1
104,1,666.22,350.43,89.14,21.22,0.92,-1,-1,-1
104,5,361.16,388.60,238.46,52.21,0.89,-1,-1,-1
104,3,531.24,474.14,958.25,357.84,0.81,-1,-1,-1
104,4,367.71,392.85,213.75,47.08,0.69,-1,-1,-1
105,1,669.49,350.81,86.01,20.45,0.92,-1,-1,-1
105,5,363.32,388.31,236.37,51.72,0.88,-1,-1,-1
105,3,532.92,478.50,938.06,350.99,0.78,-1,-1,-1
105,4,368.45,392.86,212.81,46.60,0.70,-1,-1,-1
106,1,671.39,350.76,86.42,20.59,0.91,-1,-1,-1
106,5,364.35,388.37,236.82,51.77,0.90,-1,-1,-1
106,3,526.50,473.86,949.60,356.93,0.80,-1,-1,-1
106,4,369.07,393.06,213.47,46.47,0.69,-1,-1,-1
107,1,671.94,350.57,87.05,20.80,0.92,-1,-1,-1
107,5,364.49,387.76,239.54,52.51,0.91,-1,-1,-1
107,3,531.01,472.09,959.79,361.41,0.83,-1,-1,-1
107,4,368.24,392.48,216.76,47.11,0.74,-1,-1,-1
108,1,673.34,350.60,87.12,20.88,0.92,-1,-1,-1
108,5,365.84,388.35,237.24,51.98,0.86,-1,-1,-1
108,3,538.85,476.79,943.89,355.20,0.78,-1,-1,-1
108,4,368.88,392.79,216.37,46.81,0.76,-1,-1,-1
109,1,676.02,351.02,84.90,20.29,0.91,-1,-1,-1
109,5,367.25,388.47,236.41,51.77,0.90,-1,-1,-1
109,3,535.79,474.42,950.33,358.08,0.80,-1,-1,-1
109,4,370.47,392.86,217.14,46.78,0.77,-1,-1,-1
110,1,678.06,351.34,85.47,20.29,0.91,-1,-1,-1
110,5,366.83,387.64,238.98,52.44,0.90,-1,-1,-1
110,3,536.99,471.30,959.57,361.96,0.82,-1,-1,-1
110,4,369.83,392.46,218.65,47.07,0.81,-1,-1,-1
111,1,678.66,351.29,86.06,20.39,0.90,-1,-1,-1
111,5,365.72,386.36,244.53,53.88,0.93,-1,-1,-1
111,3,542.91,468.29,974.80,367.79,0.82,-1,-1,-1
111,4,367.69,391.43,223.68,48.30,0.70,-1,-1,-1
112,1,680.23,351.15,86.83,20.58,0.91,-1,-1,-1
112,5,368.41,386.06,244.47,53.88,0.46,-1,-1,-1
112,3,547.46,467.24,976.50,368.54,0.82,-1,-1,-1
112,4,367.97,391.20,225.51,48.83,0.71,-1,-1,-1
113,1,681.86,351.07,86.24,20.42,0.71,-1,-1,-1
113,5,369.77,385.14,244.82,54.08,0.90,-1,-1,-1
113,3,542.94,464.10,984.60,372.43,0.81,-1,-1,-1
113,4,370.18,390.83,224.71,48.80,0.64,-1,-1,-1
114,1,683.06,351.23,85.36,20.19,0.94,-1,-1,-1
114,5,371.01,384.42,246.90,54.71,0.96,-1,-1,-1
114,3,543.91,463.56,985.14,373.11,0.83,-1,-1,-1
114,4,371.79,390.57,224.76,48.99,0.53,-1,-1,-1
115,1,683.47,350.62,86.69,20.62,0.93,-1,-1,-1
115,5,374.03,384.90,241.91,53.64,0.96,-1,-1,-1
115,3,539.28,463.01,982.37,373.38,0.78,-1,-1,-1
115,4,375.48,391.42,218.17,47.56,0.75,-1,-1,-1
116,1,684.83,350.66,87.00,20.80,0.93,-1,-1,-1
116,5,374.92,384.98,242.09,53.75,0.96,-1,-1,-1
116,3,538.06,462.79,981.54,374.30,0.81,-1,-1,-1
116,4,375.70,390.93,219.36,47.93,0.57,-1,-1,-1
117,1,687.36,350.92,84.73,20.20,0.92,-1,-1,-1
117,5,373.32,384.01,247.87,55.31,0.95,-1,-1,-1
117,3,537.49,461.73,982.97,375.56,0.80,-1,-1,-1
118,1,687.53,350.82,84.91,20.26,0.92,-1,-1,-1
118,5,375.04,384.38,245.64,54.98,0.95,-1,-1,-1
118,3,537.06,461.24,976.72,374.12,0.80,-1,-1,-1
119,1,687.85,350.78,86.00,20.57,0.92,-1,-1,-1
119,5,376.90,384.60,246.14,55.23,0.95,-1,-1,-1
119,3,530.80,460.98,970.60,373.61,0.79,-1,-1,-1
120,1,689.81,350.85,85.99,20.65,0.92,-1,-1,-1
120,5,379.58,385.08,244.68,54.99,0.94,-1,-1,-1
120,3,531.84,460.75,964.38,372.51,0.77,-1,-1,-1
121,1,692.33,351.48,84.12,20.22,0.90,-1,-1,-1
121,5,379.43,383.41,251.19,56.91,0.94,-1,-1,-1
121,3,531.06,466.41,937.80,363.91,0.76,-1,-1,-1
122,1,696.16,352.36,80.88,19.38,0.91,-1,-1,-1
122,5,382.95,383.47,248.41,56.53,0.94,-1,-1,-1
122,3,537.83,471.59,916.92,356.52,0.76,-1,-1,-1
123,1,698.88,352.68,79.48,18.92,0.92,-1,-1,-1
123,5,387.49,384.76,240.12,54.63,0.95,-1,-1,-1
123,3,541.74,470.79,918.92,357.64,0.78,-1,-1,-1
123,4,387.99,390.37,222.52,48.63,0.35,-1,-1,-1
124,1,699.76,352.26,80.41,19.06,0.91,-1,-1,-1
124,5,386.71,383.92,243.65,55.67,0.94,-1,-1,-1
124,3,540.41,467.54,927.49,361.36,0.78,-1,-1,-1
125,1,700.21,351.87,81.31,19.20,0.89,-1,-1,-1
125,5,388.83,384.17,241.84,55.41,0.95,-1,-1,-1
125,3,537.06,465.48,935.28,365.12,0.78,-1,-1,-1
126,1,702.66,352.25,79.69,18.71,0.91,-1,-1,-1
126,5,391.13,384.32,240.08,55.15,0.95,-1,-1,-1
126,3,534.93,463.16,943.25,369.35,0.77,-1,-1,-1
127,1,702.76,351.29,83.20,19.52,0.92,-1,-1,-1
127,5,393.10,384.33,238.80,54.93,0.94,-1,-1,-1
127,3,534.88,462.95,939.42,368.57,0.76,-1,-1,-1
127,4,390.72,389.52,224.83,49.34,0.21,-1,-1,-1
128,1,704.64,351.57,82.03,19.17,0.91,-1,-1,-1
128,5,396.72,385.30,233.47,53.60,0.94,-1,-1,-1
128,3,535.89,465.03,929.31,365.39,0.79,-1,-1,-1
128,4,393.61,390.42,218.88,48.10,0.59,-1,-1,-1
129,1,706.58,352.04,80.50,18.75,0.90,-1,-1,-1
129,5,399.15,386.03,230.16,52.75,0.92,-1,-1,-1
129,3,527.76,464.72,919.96,363.55,0.71,-1,-1,-1
129,4,396.53,391.01,215.91,47.46,0.62,-1,-1,-1
130,1,706.86,351.64,81.81,19.07,0.91,-1,-1,-1
130,5,400.95,386.07,229.77,52.56,0.93,-1,-1,-1
130,3,526.32,466.64,912.91,362.37,0.80,-1,-1,-1
130,4,398.12,390.99,213.94,47.11,0.80,-1,-1,-1
131,1,706.91,350.69,85.53,20.03,0.93,-1,-1,-1
131,5,402.86,386.07,227.41,51.87,0.90,-1,-1,-1
131,3,532.17,466.50,910.62,362.06,0.78,-1,-1,-1
131,4,402.29,391.86,207.88,45.57,0.86,-1,-1,-1
132,1,708.41,350.71,86.44,20.30,0.93,-1,-1,-1
132,5,404.76,386.45,226.31,51.40,0.91,-1,-1,-1
132,3,529.11,465.04,912.15,364.07,0.79,-1,-1,-1
132,4,403.19,392.26,206.79,45.19,0.87,-1,-1,-1
133,1,709.17,350.59,87.39,20.54,0.92,-1,-1,-1
133,5,402.89,385.57,231.70,52.70,0.94,-1,-1,-1
133,3,525.19,464.78,912.16,365.88,0.80,-1,-1,-1
133,4,401.97,391.09,213.01,46.72,0.74,-1,-1,-1
134,1,709.84,350.13,88.59,20.93,0.92,-1,-1,-1
134,5,401.29,384.53,235.99,53.85,0.93,-1,-1,-1
134,3,528.74,463.52,913.86,367.58,0.81,-1,-1,-1
134,4,402.41,390.58,215.14,47.32,0.65,-1,-1,-1
135,1,711.34,350.26,88.05,20.83,0.92,-1,-1,-1
135,5,404.76,385.06,233.13,53.19,0.93,-1,-1,-1
135,3,530.10,460.54,919.56,370.74,0.82,-1,-1,-1
135,4,405.34,391.04,212.50,46.80,0.78,-1,-1,-1
136,1,710.98,349.54,90.21,21.47,0.92,-1,-1,-1
136,5,406.32,385.12,232.33,53.08,0.91,-1,-1,-1
136,3,535.72,466.02,899.54,363.05,0.74,-1,-1,-1
136,4,406.74,390.56,212.44,46.94,0.79,-1,-1,-1
137,1,713.14,349.71,88.56,21.16,0.92,-1,-1,-1
137,5,407.97,384.76,234.11,53.62,0.91,-1,-1,-1
137,3,531.32,460.61,917.50,371.40,0.78,-1,-1,-1
137,4,409.04,390.46,211.92,46.96,0.77,-1,-1,-1
138,1,715.99,349.69,86.96,20.85,0.92,-1,-1,-1
138,5,411.19,385.30,231.00,52.89,0.90,-1,-1,-1
138,3,531.27,461.28,913.00,370.77,0.79,-1,-1,-1
138,4,411.92,390.37,209.93,46.54,0.75,-1,-1,-1
139,1,718.77,349.92,85.52,20.46,0.91,-1,-1,-1
139,5,412.37,385.62,230.05,52.73,0.89,-1,-1,-1
139,3,533.52,462.71,906.98,368.95,0.79,-1,-1,-1
139,4,413.12,390.07,215.50,47.72,0.71,-1,-1,-1
140,1,720.83,350.16,84.20,20.12,0.91,-1,-1,-1
140,5,413.31,384.96,233.01,53.48,0.91,-1,-1,-1
140,3,530.52,461.74,909.06,371.02,0.78,-1,-1,-1
140,4,413.94,389.67,219.44,48.57,0.60,-1,-1,-1
141,1,720.98,349.45,87.21,20.96,0.91,-1,-1,-1
141,5,413.08,384.10,234.01,53.86,0.92,-1,-1,-1
141,3,531.11,463.44,896.75,367.15,0.76,-1,-1,-1
141,4,414.59,388.98,221.12,48.92,0.62,-1,-1,-1
142,1,723.63,349.68,85.93,20.69,0.92,-1,-1,-1
142,5,413.87,383.72,235.02,54.25,0.92,-1,-1,-1
142,3,524.16,463.18,894.22,368.13,0.72,-1,-1,-1
142,4,413.92,388.33,224.33,49.77,0.51,-1,-1,-1
143,1,725.26,349.67,84.68,20.40,0.92,-1,-1,-1
143,5,415.70,383.84,233.61,54.03,0.93,-1,-1,-1
143,3,522.31,461.30,897.72,371.81,0.74,-1,-1,-1
143,4,416.23,388.63,222.03,49.24,0.62,-1,-1,-1
144,1,726.49,349.53,84.29,20.33,0.91,-1,-1,-1
144,5,416.08,383.18,235.23,54.64,0.92,-1,-1,-1
144,3,524.66,453.09,924.58,384.44,0.75,-1,-1,-1
144,4,416.38,387.53,225.47,50.22,0.54,-1,-1,-1
145,1,727.77,349.35,84.55,20.42,0.91,-1,-1,-1
145,5,417.68,383.02,234.03,54.45,0.91,-1,-1,-1
145,3,522.37,450.31,932.36,389.60,0.74,-1,-1,-1
145,4,417.60,387.42,223.60,49.89,0.53,-1,-1,-1
146,1,729.82,349.57,84.18,20.29,0.90,-1,-1,-1
146,5,420.43,383.73,230.16,53.53,0.88,-1,-1,-1
146,3,523.21,455.42,908.50,382.00,0.71,-1,-1,-1
146,4,421.30,388.22,218.60,48.72,0.63,-1,-1,-1
147,1,731.02,348.94,85.77,20.71,0.63,-1,-1,-1
147,5,425.37,385.21,222.87,51.66,0.85,-1,-1,-1
147,3,554.27,475.48,867.88,362.94,0.62,-1,-1,-1
147,4,425.52,389.74,211.00,46.95,0.87,-1,-1,-1
148,1,732.54,348.92,85.69,20.74,0.93,-1,-1,-1
148,5,424.58,384.07,227.63,52.83,0.94,-1,-1,-1
148,3,555.08,479.34,860.10,359.38,0.77,-1,-1,-1
148,4,424.19,388.51,216.43,48.30,0.64,-1,-1,-1
149,1,735.60,349.56,83.01,20.03,0.93,-1,-1,-1
149,5,425.60,383.87,228.46,53.10,0.95,-1,-1,-1
149,3,554.20,483.93,852.07,356.23,0.81,-1,-1,-1
149,4,426.28,388.74,215.23,48.12,0.65,-1,-1,-1
150,1,736.61,349.77,83.11,20.04,0.93,-1,-1,-1
150,5,424.35,382.71,234.73,54.79,0.95,-1,-1,-1
150,3,556.77,488.27,840.07,351.18,0.71,-1,-1,-1
150,4,424.51,388.00,219.94,49.45,0.32,-1,-1,-1
151,1,737.98,349.92,82.65,19.89,0.93,-1,-1,-1
151,5,427.00,383.80,230.67,53.92,0.96,-1,-1,-1
151,3,562.73,489.56,835.15,348.47,0.80,-1,-1,-1
151,4,427.18,388.77,215.52,48.54,0.55,-1,-1,-1
152,1,739.60,350.05,82.38,19.80,0.92,-1,-1,-1
152,5,429.63,383.60,230.63,54.03,0.95,-1,-1,-1
152,3,560.45,490.92,831.55,347.00,0.83,-1,-1,-1
153,1,739.71,349.75,83.67,20.13,0.92,-1,-1,-1
153,5,431.42,383.73,229.21,53.78,0.95,-1,-1,-1
153,3,537.70,474.39,860.41,361.89,0.71,-1,-1,-1
154,1,740.84,349.50,83.25,20.10,0.92,-1,-1,-1
154,5,432.91,382.79,231.12,54.43,0.95,-1,-1,-1
154,3,533.46,467.69,870.85,368.26,0.65,-1,-1,-1
154,4,431.43,386.18,226.21,51.22,0.30,-1,-1,-1
155,1,742.50,349.46,83.62,20.20,0.93,-1,-1,-1
155,5,436.41,383.92,225.52,53.09,0.95,-1,-1,-1
155,3,527.01,463.88,872.69,372.00,0.68,-1,-1,-1
155,4,435.54,387.32,219.47,49.66,0.61,-1,-1,-1
156,1,743.58,349.18,83.74,20.26,0.92,-1,-1,-1
156,5,437.54,384.11,225.26,53.12,0.95,-1,-1,-1
156,3,527.61,460.03,883.71,378.58,0.67,-1,-1,-1
156,4,436.41,386.91,221.86,50.37,0.55,-1,-1,-1
157,1,745.66,349.27,83.49,20.25,0.93,-1,-1,-1
157,5,437.73,383.12,227.57,53.81,0.95,-1,-1,-1
157,3,527.96,460.27,872.49,376.31,0.75,-1,-1,-1
157,4,436.55,385.76,223.57,50.95,0.37,-1,-1,-1
158,1,747.20,349.20,84.40,20.49,0.92,-1,-1,-1
158,3,532.18,462.60,861.50,373.10,0.70,-1,-1,-1
159,1,749.41,349.12,84.42,20.54,0.92,-1,-1,-1
159,3,532.26,458.68,871.75,379.40,0.62,-1,-1,-1
159,4,434.91,381.83,239.87,55.18,0.94,-1,-1,-1
160,1,750.13,349.01,85.47,20.90,0.92,-1,-1,-1
160,3,532.13,458.55,863.69,378.18,0.75,-1,-1,-1
160,4,438.23,382.24,236.89,54.74,0.95,-1,-1,-1
161,1,752.85,349.00,83.55,20.41,0.91,-1,-1,-1
161,3,535.09,462.19,849.36,373.70,0.45,-1,-1,-1
161,4,438.88,381.20,240.46,56.05,0.94,-1,-1,-1
162,1,753.78,349.02,83.80,20.48,0.90,-1,-1,-1
162,3,539.70,462.64,846.92,373.97,0.73,-1,-1,-1
162,4,440.07,380.73,239.98,56.35,0.95,-1,-1,-1
163,1,755.15,349.08,82.30,20.10,0.92,-1,-1,-1
163,3,539.79,464.03,841.02,372.90,0.22,-1,-1,-1
163,4,444.47,381.70,233.45,54.94,0.95,-1,-1,-1
164,1,756.19,349.36,82.34,20.15,0.94,-1,-1,-1
164,3,539.70,462.43,839.15,373.72,0.55,-1,-1,-1
164,4,448.30,382.83,227.25,53.45,0.94,-1,-1,-1
164,35,550.77,474.79,884.98,366.06,0.29,-1,-1,-1
165,1,757.14,349.23,81.83,20.04,0.94,-1,-1,-1
165,3,542.33,461.45,841.59,376.02,0.73,-1,-1,-1
165,4,449.30,382.55,227.41,53.60,0.94,-1,-1,-1
165,36,448.44,385.78,217.75,49.50,0.50,-1,-1,-1
166,1,758.25,349.14,82.60,20.22,0.93,-1,-1,-1
166,3,542.74,453.15,867.40,388.60,0.76,-1,-1,-1
166,4,447.59,381.50,231.73,54.87,0.94,-1,-1,-1
167,1,759.88,348.90,82.12,20.09,0.93,-1,-1,-1
167,3,541.01,454.24,863.69,388.19,0.73,-1,-1,-1
167,4,449.25,381.19,230.81,54.92,0.94,-1,-1,-1
167,36,449.56,383.76,228.24,52.01,0.33,-1,-1,-1
168,1,761.74,349.39,81.35,19.89,0.93,-1,-1,-1
168,3,540.30,453.28,863.81,389.56,0.70,-1,-1,-1
168,4,452.43,381.42,228.99,54.63,0.93,-1,-1,-1
168,36,451.37,383.70,227.78,52.02,0.36,-1,-1,-1
169,1,763.44,349.55,79.58,19.35,0.92,-1,-1,-1
169,3,544.60,452.91,865.19,390.66,0.73,-1,-1,-1
169,4,455.24,381.54,227.13,54.38,0.93,-1,-1,-1
169,36,451.73,383.27,228.64,52.41,0.49,-1,-1,-1
170,1,763.95,348.73,81.49,19.86,0.93,-1,-1,-1
170,3,546.34,458.89,847.40,383.32,0.75,-1,-1,-1
170,4,458.85,381.63,223.72,53.65,0.87,-1,-1,-1
170,36,456.20,383.98,222.04,51.03,0.76,-1,-1,-1
171,1,764.77,348.50,83.86,20.52,0.92,-1,-1,-1
171,3,564.41,469.77,829.19,373.00,0.87,-1,-1,-1
171,4,460.46,381.88,222.81,53.54,0.88,-1,-1,-1
171,36,457.87,384.28,220.85,50.90,0.72,-1,-1,-1
172,1,766.62,348.53,83.46,20.42,0.92,-1,-1,-1
172,3,550.66,462.95,840.00,378.75,0.78,-1,-1,-1
172,4,463.80,382.56,219.33,52.66,0.85,-1,-1,-1
172,36,460.54,384.86,217.31,50.15,0.77,-1,-1,-1
173,1,768.02,348.16,84.68,20.78,0.92,-1,-1,-1
173,3,545.70,462.55,836.59,378.34,0.71,-1,-1,-1
173,4,462.90,381.57,223.22,53.75,0.90,-1,-1,-1
173,36,460.01,384.01,220.64,51.09,0.63,-1,-1,-1
174,1,768.95,348.40,82.50,20.29,0.92,-1,-1,-1
174,3,544.29,463.70,825.54,374.18,0.28,-1,-1,-1
174,4,464.05,381.13,222.87,53.88,0.84,-1,-1,-1
174,36,460.88,383.37,220.84,51.31,0.67,-1,-1,-1
175,1,771.01,348.37,81.17,19.99,0.92,-1,-1,-1
175,3,539.95,458.20,836.96,380.98,0.78,-1,-1,-1
175,4,466.00,381.22,221.39,53.64,0.87,-1,-1,-1
175,36,463.01,383.35,219.50,51.15,0.59,-1,-1,-1
176,1,772.75,348.25,81.16,19.97,0.92,-1,-1,-1
176,3,542.98,453.73,847.33,386.79,0.76,-1,-1,-1
176,4,468.02,381.19,219.37,53.20,0.88,-1,-1,-1
176,36,466.01,383.69,215.95,50.31,0.56,-1,-1,-1
177,1,775.85,348.81,79.26,19.37,0.92,-1,-1,-1
177,3,546.29,454.23,841.68,385.24,0.76,-1,-1,-1
177,4,469.31,381.04,219.78,53.29,0.90,-1,-1,-1
177,36,468.44,383.98,213.79,49.78,0.58,-1,-1,-1
178,1,776.63,348.77,79.96,19.53,0.92,-1,-1,-1
178,3,546.64,455.76,837.72,384.81,0.77,-1,-1,-1
178,4,469.77,380.24,222.44,54.10,0.91,-1,-1,-1
178,36,470.08,383.79,213.24,49.71,0.65,-1,-1,-1
179,1,777.28,348.56,80.64,19.71,0.92,-1,-1,-1
179,3,545.88,456.06,836.12,385.34,0.74,-1,-1,-1
179,4,471.01,380.16,221.50,54.01,0.79,-1,-1,-1
179,36,471.13,383.32,214.82,50.19,0.59,-1,-1,-1
180,1,779.24,348.70,79.81,19.46,0.90,-1,-1,-1
180,3,546.18,458.36,826.19,382.09,0.74,-1,-1,-1
180,4,474.12,380.53,218.94,53.38,0.50,-1,-1,-1
180,36,474.00,384.33,209.51,48.94,0.75,-1,-1,-1
181,1,779.30,348.80,79.42,19.36,0.91,-1,-1,-1
181,3,545.55,456.96,821.93,381.59,0.62,-1,-1,-1
181,4,475.18,380.72,220.59,53.86,0.94,-1,-1,-1
182,1,781.21,348.34,81.33,19.79,0.94,-1,-1,-1
182,3,565.35,463.88,816.01,377.50,0.72,-1,-1,-1
182,4,477.52,381.18,218.12,53.27,0.95,-1,-1,-1
183,1,782.65,348.56,80.94,19.55,0.93,-1,-1,-1
183,3,567.56,463.89,822.93,379.97,0.41,-1,-1,-1
183,4,480.26,382.05,215.18,52.43,0.95,-1,-1,-1
184,1,783.68,348.38,82.31,19.85,0.94,-1,-1,-1
184,3,576.00,471.01,809.86,372.24,0.78,-1,-1,-1
184,4,480.20,381.83,216.63,52.80,0.95,-1,-1,-1
184,41,478.01,383.85,210.86,49.46,0.67,-1,-1,-1
185,1,785.01,348.67,82.78,19.90,0.93,-1,-1,-1
185,3,578.54,470.16,815.92,373.25,0.46,-1,-1,-1
185,4,481.12,381.12,218.07,53.20,0.94,-1,-1,-1
185,41,478.78,383.33,210.90,49.50,0.65,-1,-1,-1
186,1,786.19,348.73,82.36,19.76,0.93,-1,-1,-1
186,3,577.77,470.74,822.04,374.38,0.52,-1,-1,-1
186,4,481.71,380.55,219.23,53.66,0.93,-1,-1,-1
186,41,478.66,382.34,218.75,51.41,0.30,-1,-1,-1
186,43,563.26,462.56,780.37,376.67,0.35,-1,-1,-1
187,1,787.11,348.54,82.44,19.83,0.93,-1,-1,-1
187,4,485.00,381.23,215.24,52.69,0.93,-1,-1,-1
187,41,481.11,382.78,216.49,50.93,0.65,-1,-1,-1
188,1,787.62,348.41,84.31,20.38,0.93,-1,-1,-1
188,4,483.95,379.46,221.72,54.53,0.94,-1,-1,-1
188,41,479.33,380.59,225.06,53.10,0.37,-1,-1,-1
188,3,564.77,473.36,802.58,366.40,0.72,-1,-1,-1
189,1,789.37,348.16,84.64,20.51,0.93,-1,-1,-1
189,4,484.55,378.98,223.57,55.28,0.94,-1,-1,-1
189,41,480.32,380.18,225.77,53.46,0.35,-1,-1,-1
189,3,557.51,470.77,800.97,367.54,0.70,-1,-1,-1
190,1,792.17,348.44,82.34,19.92,0.93,-1,-1,-1
190,4,488.63,379.74,220.10,54.53,0.92,-1,-1,-1
190,41,483.76,381.24,220.49,52.36,0.73,-1,-1,-1
190,3,557.85,471.12,792.31,365.12,0.54,-1,-1,-1
191,1,794.45,348.47,81.27,19.65,0.93,-1,-1,-1
191,4,489.55,379.42,219.85,54.63,0.93,-1,-1,-1
191,41,485.89,381.03,219.25,52.19,0.40,-1,-1,-1
191,3,556.11,462.02,813.08,376.01,0.79,-1,-1,-1
192,1,796.22,349.12,77.99,18.83,0.89,-1,-1,-1
192,4,491.75,380.02,217.65,54.10,0.93,-1,-1,-1
192,41,488.10,381.71,215.80,51.43,0.54,-1,-1,-1
192,3,555.41,461.60,808.41,375.39,0.73,-1,-1,-1
193,1,796.31,348.25,82.32,19.97,0.93,-1,-1,-1
193,4,491.08,379.16,220.75,55.09,0.93,-1,-1,-1
193,41,487.63,380.70,218.69,52.33,0.54,-1,-1,-1
193,3,556.35,463.25,801.57,373.31,0.72,-1,-1,-1
194,1,797.64,348.06,82.56,20.09,0.93,-1,-1,-1
194,4,492.16,378.72,221.97,55.61,0.94,-1,-1,-1
194,41,489.90,380.15,219.02,52.59,0.45,-1,-1,-1
194,3,571.78,473.01,794.18,368.12,0.82,-1,-1,-1
195,1,799.80,348.20,82.54,20.10,0.91,-1,-1,-1
195,4,495.23,379.06,218.98,54.90,0.92,-1,-1,-1
195,41,492.61,380.83,215.38,51.81,0.67,-1,-1,-1
195,3,573.03,472.83,803.02,371.32,0.77,-1,-1,-1
196,1,801.45,348.64,80.72,19.62,0.69,-1,-1,-1
196,4,494.93,378.12,221.87,55.85,0.94,-1,-1,-1
196,3,572.55,474.67,798.09,368.46,0.71,-1,-1,-1
197,1,802.32,348.11,82.20,20.05,0.92,-1,-1,-1
197,4,497.48,377.84,221.18,55.75,0.93,-1,-1,-1
197,3,573.96,478.98,785.81,362.03,0.78,-1,-1,-1
198,1,804.30,348.65,80.37,19.62,0.95,-1,-1,-1
198,4,499.91,378.66,216.96,54.71,0.92,-1,-1,-1
198,3,571.03,476.63,788.23,362.79,0.79,-1,-1,-1
198,46,501.19,380.51,206.73,51.72,0.23,-1,-1,-1
199,1,805.18,348.57,81.50,19.84,0.95,-1,-1,-1
199,4,502.27,379.06,217.45,54.83,0.24,-1,-1,-1
199,3,567.13,472.92,797.07,367.12,0.82,-1,-1,-1
199,46,501.68,379.83,215.60,53.94,0.93,-1,-1,-1
200,1,806.44,348.99,80.17,19.49,0.94,-1,-1,-1
200,4,505.62,380.50,208.78,52.49,0.23,-1,-1,-1
200,3,569.30,471.55,807.45,371.55,0.75,-1,-1,-1
200,46,504.18,380.19,214.90,53.75,0.91,-1,-1,-1
201,1,807.81,348.88,81.27,19.71,0.93,-1,-1,-1
201,4,505.81,379.02,215.25,54.23,0.57,-1,-1,-1
201,3,571.39,474.71,793.73,365.45,0.80,-1,-1,-1
201,46,505.06,379.27,218.34,54.65,0.92,-1,-1,-1
202,1,809.34,348.66,82.24,19.96,0.92,-1,-1,-1
202,4,509.15,379.64,212.48,53.47,0.81,-1,-1,-1
202,3,571.87,473.67,795.14,366.03,0.82,-1,-1,-1
202,46,507.82,379.62,214.59,53.70,0.65,-1,-1,-1
203,1,811.20,348.55,82.08,19.95,0.92,-1,-1,-1
203,4,512.17,380.84,207.93,52.14,0.72,-1,-1,-1
203,3,569.06,468.95,807.85,371.90,0.81,-1,-1,-1
203,46,510.74,381.14,208.44,52.05,0.73,-1,-1,-1
204,1,814.16,349.24,77.52,18.75,0.92,-1,-1,-1
204,4,510.62,380.04,210.42,52.76,0.74,-1,-1,-1
204,3,562.92,469.52,801.57,370.47,0.79,-1,-1,-1
204,46,510.74,380.07,212.29,53.05,0.79,-1,-1,-1
205,1,815.28,349.18,78.21,18.92,0.92,-1,-1,-1
205,4,514.02,381.47,202.10,50.55,0.82,-1,-1,-1
205,3,559.25,473.91,784.84,364.66,0.77,-1,-1,-1
205,46,514.63,380.88,207.47,51.73,0.49,-1,-1,-1
206,1,816.27,349.03,79.22,19.13,0.92,-1,-1,-1
206,4,514.13,381.40,200.26,50.14,0.86,-1,-1,-1
206,3,561.74,472.67,787.94,367.22,0.78,-1,-1,-1
206,46,515.88,380.56,208.23,51.89,0.47,-1,-1,-1
207,1,817.98,348.57,81.00,19.63,0.92,-1,-1,-1
207,4,515.20,381.05,203.34,50.78,0.91,-1,-1,-1
207,3,559.58,475.59,775.16,363.48,0.77,-1,-1,-1
207,46,518.30,380.76,207.18,51.54,0.52,-1,-1,-1
208,1,819.89,349.21,78.48,18.94,0.90,-1,-1,-1
208,4,517.10,381.10,204.66,50.99,0.83,-1,-1,-1
208,3,559.52,473.32,782.09,368.31,0.80,-1,-1,-1
208,46,519.70,380.97,207.69,51.62,0.57,-1,-1,-1
209,1,822.02,349.04,78.78,18.96,0.90,-1,-1,-1
209,4,519.88,382.07,201.10,49.80,0.90,-1,-1,-1
209,3,554.13,457.90,800.83,379.74,0.67,-1,-1,-1
209,46,522.49,381.58,204.24,50.54,0.44,-1,-1,-1
210,1,823.37,349.10,79.21,19.08,0.91,-1,-1,-1
210,4,519.49,381.20,204.51,50.59,0.90,-1,-1,-1
210,3,560.18,460.91,804.81,382.54,0.48,-1,-1,-1
210,46,523.10,381.14,204.91,50.62,0.42,-1,-1,-1
211,1,822.68,348.47,82.44,19.92,0.92,-1,-1,-1
211,4,519.75,380.39,207.71,51.38,0.76,-1,-1,-1
211,3,574.31,464.82,800.00,379.22,0.37,-1,-1,-1
211,46,522.02,379.84,211.21,52.22,0.78,-1,-1,-1
211,48,583.68,453.73,739.75,383.11,0.44,-1,-1,-1
212,1,823.94,347.91,83.58,20.28,0.93,-1,-1,-1
212,4,520.32,380.34,207.18,51.28,0.82,-1,-1,-1
212,46,522.23,379.77,211.78,52.41,0.68,-1,-1,-1
213,1,826.21,348.13,82.50,20.11,0.95,-1,-1,-1
213,4,524.15,381.31,201.55,49.83,0.89,-1,-1,-1
213,46,525.52,380.25,207.48,51.28,0.22,-1,-1,-1
213,3,557.89,454.14,803.29,384.03,0.54,-1,-1,-1
214,1,827.18,347.96,82.78,20.27,0.94,-1,-1,-1
214,4,524.81,380.83,201.84,49.94,0.89,-1,-1,-1
214,3,554.62,448.67,809.93,390.39,0.65,-1,-1,-1
215,1,828.71,348.36,81.69,19.99,0.94,-1,-1,-1
215,4,525.79,380.07,204.19,50.64,0.82,-1,-1,-1
215,3,558.16,443.91,818.23,395.99,0.78,-1,-1,-1
216,1,829.03,347.78,83.32,20.47,0.94,-1,-1,-1
216,4,527.33,379.85,204.68,50.91,0.77,-1,-1,-1
216,3,564.86,446.41,810.95,393.41,0.74,-1,-1,-1
216,50,530.33,379.19,206.06,52.90,0.91,-1,-1,-1
217,1,831.03,347.70,83.12,20.48,0.93,-1,-1,-1
217,4,528.03,379.65,206.17,51.44,0.61,-1,-1,-1
217,3,563.61,451.19,798.17,388.85,0.37,-1,-1,-1
217,50,531.29,378.93,207.18,53.20,0.92,-1,-1,-1
218,1,833.18,347.81,82.45,20.34,0.93,-1,-1,-1
218,4,533.05,381.25,199.66,49.76,0.70,-1,-1,-1
218,3,566.37,454.23,788.66,385.49,0.72,-1,-1,-1
218,50,534.24,379.38,206.17,52.93,0.89,-1,-1,-1
219,1,834.91,348.16,81.19,20.04,0.93,-1,-1,-1
219,4,535.38,380.85,202.44,50.33,0.75,-1,-1,-1
219,3,565.97,451.49,792.59,388.52,0.72,-1,-1,-1
219,50,536.56,379.62,203.93,52.32,0.91,-1,-1,-1
220,1,836.28,347.94,80.49,19.91,0.93,-1,-1,-1
220,4,536.22,380.55,204.38,50.75,0.69,-1,-1,-1
220,3,566.21,456.72,775.89,381.70,0.21,-1,-1,-1
220,50,537.14,379.52,204.13,52.34,0.89,-1,-1,-1
221,1,838.35,348.12,79.75,19.78,0.93,-1,-1,-1
221,4,538.31,381.13,203.43,50.46,0.84,-1,-1,-1
221,3,581.13,468.40,756.41,371.15,0.74,-1,-1,-1
221,50,538.78,379.82,204.52,52.43,0.84,-1,-1,-1
222,1,840.61,348.21,79.37,19.73,0.93,-1,-1,-1
222,4,540.06,381.31,202.90,50.24,0.81,-1,-1,-1
222,3,567.86,455.01,779.15,384.10,0.44,-1,-1,-1
222,50,539.56,379.40,205.66,52.76,0.86,-1,-1,-1
223,1,842.20,348.09,78.56,19.60,0.93,-1,-1,-1
223,4,540.17,380.90,203.05,50.29,0.83,-1,-1,-1
223,3,567.45,460.37,774.10,382.81,0.74,-1,-1,-1
223,50,540.68,379.13,205.75,52.84,0.77,-1,-1,-1
224,1,844.52,348.20,77.80,19.48,0.93,-1,-1,-1
224,4,541.66,381.10,202.05,49.98,0.79,-1,-1,-1
224,3,565.24,452.78,784.06,389.33,0.71,-1,-1,-1
224,50,542.52,379.35,203.74,52.31,0.78,-1,-1,-1
225,1,845.71,347.62,79.60,20.02,0.93,-1,-1,-1
225,4,543.41,381.19,200.27,49.52,0.86,-1,-1,-1
225,3,564.14,446.72,791.96,394.69,0.74,-1,-1,-1
225,50,544.99,379.82,200.06,51.30,0.56,-1,-1,-1
226,1,847.21,347.43,79.79,20.14,0.93,-1,-1,-1
226,4,544.16,381.32,200.16,49.43,0.82,-1,-1,-1
226,3,560.81,446.49,787.34,394.59,0.32,-1,-1,-1
226,50,545.43,379.94,200.16,51.26,0.72,-1,-1,-1
227,1,849.65,347.82,78.11,19.71,0.92,-1,-1,-1
227,4,546.92,381.69,199.47,49.13,0.74,-1,-1,-1
227,3,561.15,444.67,786.26,396.21,0.60,-1,-1,-1
227,50,547.15,380.17,199.79,51.10,0.71,-1,-1,-1
228,1,850.46,347.53,78.59,19.87,0.92,-1,-1,-1
228,4,548.26,381.89,199.52,49.12,0.84,-1,-1,-1
228,3,564.09,443.53,787.50,398.23,0.68,-1,-1,-1
228,50,547.91,380.23,200.72,51.34,0.52,-1,-1,-1
229,1,850.86,347.12,80.22,20.35,0.52,-1,-1,-1
229,4,546.90,380.87,202.11,49.84,0.77,-1,-1,-1
229,3,564.07,444.35,781.08,397.14,0.33,-1,-1,-1
229,50,547.47,379.01,203.13,52.00,0.80,-1,-1,-1
230,1,851.65,347.21,80.34,20.48,0.95,-1,-1,-1
230,4,549.39,381.26,199.96,49.26,0.82,-1,-1,-1
230,3,570.35,453.54,764.69,389.50,0.69,-1,-1,-1
230,50,549.08,378.91,202.40,51.80,0.45,-1,-1,-1
231,1,853.19,347.18,80.69,20.68,0.93,-1,-1,-1
231,4,551.70,381.26,197.77,48.61,0.68,-1,-1,-1
231,3,581.35,459.30,751.58,382.36,0.52,-1,-1,-1
231,50,551.56,378.88,201.05,51.35,0.56,-1,-1,-1
231,58,3.50,327.73,34.73,26.78,0.29,-1,-1,-1
232,1,853.94,346.72,82.58,21.30,0.93,-1,-1,-1
232,4,549.99,379.43,209.67,51.85,0.45,-1,-1,-1
232,3,578.71,457.11,748.82,382.07,0.37,-1,-1,-1
232,50,548.87,377.28,208.59,53.54,0.72,-1,-1,-1
232,58,2.89,324.88,38.58,29.67,0.42,-1,-1,-1
232,60,1837.74,328.29,48.89,19.37,0.23,-1,-1,-1
233,1,855.92,346.65,82.03,21.21,0.92,-1,-1,-1
233,4,554.35,379.97,208.46,51.65,0.77,-1,-1,-1
233,3,577.71,449.31,766.02,391.37,0.68,-1,-1,-1
233,50,553.66,378.34,204.35,52.49,0.32,-1,-1,-1
233,58,6.31,326.22,36.71,27.94,0.24,-1,-1,-1
234,1,857.74,346.49,81.89,21.22,0.92,-1,-1,-1
234,4,554.93,379.06,210.13,52.24,0.52,-1,-1,-1
234,3,578.83,448.37,766.53,392.17,0.64,-1,-1,-1
234,50,554.37,377.48,206.17,53.16,0.48,-1,-1,-1
234,58,7.05,326.04,37.79,28.42,0.29,-1,-1,-1
234,60,1839.87,329.45,46.69,18.48,0.23,-1,-1,-1
235,1,858.26,345.82,83.90,21.88,0.91,-1,-1,-1
235,4,556.46,379.25,210.21,52.42,0.70,-1,-1,-1
235,3,576.84,445.93,773.43,396.29,0.63,-1,-1,-1
235,50,556.50,377.77,205.59,53.24,0.20,-1,-1,-1
235,58,8.37,327.82,36.20,26.66,0.34,-1,-1,-1
235,60,1847.11,323.26,63.17,24.92,0.42,-1,-1,-1
236,1,860.73,346.22,81.56,21.35,0.92,-1,-1,-1
236,4,558.94,379.57,207.70,51.84,0.83,-1,-1,-1
236,3,577.18,443.47,776.84,398.50,0.61,-1,-1,-1
236,58,9.16,327.03,38.05,27.56,0.36,-1,-1,-1
236,60,1852.83,322.78,63.83,25.08,0.31,-1,-1,-1
237,1,861.03,345.99,80.76,21.30,0.92,-1,-1,-1
237,4,559.76,379.50,207.95,52.04,0.81,-1,-1,-1
237,3,578.31,442.97,774.40,397.40,0.60,-1,-1,-1
237,58,9.26,324.42,43.61,31.06,0.63,-1,-1,-1
238,1,862.45,345.79,81.68,21.66,0.92,-1,-1,-1
238,4,559.20,378.54,210.70,52.92,0.67,-1,-1,-1
238,3,577.87,440.52,782.01,401.50,0.56,-1,-1,-1
238,58,13.40,326.78,42.47,29.46,0.56,-1,-1,-1
238,60,1832.07,327.80,51.89,19.68,0.25,-1,-1,-1
239,1,865.64,346.26,79.11,21.07,0.91,-1,-1,-1
239,4,560.12,378.27,210.80,53.12,0.63,-1,-1,-1
239,3,580.74,439.84,782.56,401.80,0.53,-1,-1,-1
239,58,13.17,326.92,43.91,29.46,0.65,-1,-1,-1
239,63,566.36,377.46,196.36,53.47,0.47,-1,-1,-1
240,1,866.98,346.15,79.26,21.21,0.91,-1,-1,-1
240,3,577.37,437.60,787.98,405.10,0.53,-1,-1,-1
240,58,31.36,324.89,47.57,30.51,0.27,-1,-1,-1
240,60,1856.01,326.09,57.58,21.87,0.69,-1,-1,-1
241,1,869.16,346.06,79.09,21.20,0.90,-1,-1,-1
241,3,585.85,454.46,756.88,387.39,0.51,-1,-1,-1
241,58,31.41,322.49,48.62,31.02,0.28,-1,-1,-1
241,60,1859.52,325.03,61.01,23.35,0.61,-1,-1,-1
241,4,562.85,378.12,207.93,52.58,0.85,-1,-1,-1
242,1,870.04,346.21,77.83,20.89,0.89,-1,-1,-1
242,3,584.13,458.86,751.05,383.94,0.56,-1,-1,-1
242,58,30.91,320.21,50.36,32.30,0.57,-1,-1,-1
242,4,566.91,378.92,203.42,51.45,0.87,-1,-1,-1
243,1,871.51,345.73,78.33,21.03,0.89,-1,-1,-1
243,3,578.69,461.20,742.42,379.61,0.59,-1,-1,-1
243,58,33.53,320.54,49.67,31.95,0.56,-1,-1,-1
243,4,568.64,378.76,201.76,51.08,0.90,-1,-1,-1
243,60,1863.78,322.69,61.41,23.88,0.32,-1,-1,-1
244,1,873.10,345.48,78.99,21.28,0.92,-1,-1,-1
244,3,569.17,457.22,750.95,385.09,0.63,-1,-1,-1
244,58,32.56,319.63,49.90,32.26,0.48,-1,-1,-1
244,4,570.31,378.79,200.18,50.76,0.88,-1,-1,-1
244,60,1862.67,321.36,65.34,26.03,0.37,-1,-1,-1
245,1,874.48,345.36,78.38,21.17,0.90,-1,-1,-1
245,3,569.13,455.31,755.00,387.63,0.62,-1,-1,-1
245,58,34.94,321.69,46.82,30.08,0.34,-1,-1,-1
245,4,570.45,378.28,202.46,51.52,0.89,-1,-1,-1
245,60,1867.18,326.54,53.04,21.09,0.36,-1,-1,-1
246,1,876.41,345.32,78.70,21.35,0.85,-1,-1,-1
246,3,574.30,456.14,754.32,387.11,0.53,-1,-1,-1
246,58,35.96,321.97,45.75,29.23,0.45,-1,-1,-1
246,4,572.73,377.91,201.82,51.46,0.88,-1,-1,-1
246,60,1870.62,326.40,51.14,20.65,0.45,-1,-1,-1
247,1,878.36,345.46,77.42,20.95,0.93,-1,-1,-1
247,3,574.71,455.14,755.74,388.10,0.68,-1,-1,-1
247,58,34.63,322.11,46.86,29.68,0.35,-1,-1,-1
247,4,573.73,378.03,201.24,51.42,0.86,-1,-1,-1
247,60,1874.50,327.03,47.91,19.60,0.51,-1,-1,-1
248,1,879.79,345.51,78.31,21.21,0.93,-1,-1,-1
248,3,571.67,455.96,758.46,390.18,0.71,-1,-1,-1
248,58,53.40,326.02,51.68,30.00,0.43,-1,-1,-1
248,4,575.65,377.65,200.70,51.40,0.77,-1,-1,-1
248,60,1877.60,328.06,44.34,18.48,0.38,-1,-1,-1
248,68,575.92,375.02,204.04,54.83,0.88,-1,-1,-1
249,1,883.02,346.05,76.58,20.54,0.91,-1,-1,-1
249,3,566.51,444.00,777.76,402.37,0.45,-1,-1,-1
249,58,30.11,323.60,56.92,32.14,0.24,-1,-1,-1
249,4,577.80,377.67,198.37,50.87,0.82,-1,-1,-1
249,60,1876.35,326.52,48.15,20.58,0.60,-1,-1,-1
249,68,579.54,375.91,198.74,53.38,0.63,-1,-1,-1
250,1,882.86,345.04,79.75,21.39,0.91,-1,-1,-1
250,3,567.66,439.74,784.85,407.80,0.66,-1,-1,-1
250,58,22.01,324.01,59.76,32.53,0.39,-1,-1,-1
250,4,580.17,378.33,195.40,50.15,0.87,-1,-1,-1
250,60,1878.27,326.76,46.55,20.38,0.55,-1,-1,-1
250,68,583.35,377.16,193.49,51.91,0.57,-1,-1,-1
251,1,882.87,344.77,81.14,21.81,0.91,-1,-1,-1
251,3,570.93,440.14,778.19,405.64,0.68,-1,-1,-1
251,58,39.89,322.37,64.51,34.83,0.66,-1,-1,-1
251,4,580.15,377.76,196.59,50.62,0.86,-1,-1,-1
251,60,1879.94,327.28,44.14,19.77,0.59,-1,-1,-1
251,68,583.20,376.37,195.68,52.48,0.51,-1,-1,-1
252,1,884.77,345.45,79.12,21.16,0.92,-1,-1,-1
252,3,570.60,440.81,770.24,403.64,0.54,-1,-1,-1
252,58,46.06,322.25,60.49,33.07,0.44,-1,-1,-1
252,4,582.31,378.28,194.03,50.00,0.88,-1,-1,-1
252,60,1879.34,326.04,46.91,21.70,0.28,-1,-1,-1
252,68,585.53,377.02,194.24,52.02,0.32,-1,-1,-1
253,1,886.66,345.56,79.11,21.08,0.92,-1,-1,-1
253,3,579.25,448.35,756.22,396.11,0.63,-1,-1,-1
253,58,49.29,323.59,53.99,29.85,0.41,-1,-1,-1
253,4,579.47,375.44,205.62,53.25,0.66,-1,-1,-1
253,60,1881.56,325.19,47.06,22.72,0.46,-1,-1,-1
253,68,586.10,376.92,194.74,52.09,0.79,-1,-1,-1
254,1,888.12,345.55,78.83,21.01,0.91,-1,-1,-1
254,3,581.09,450.27,751.28,393.70,0.53,-1,-1,-1
254,58,52.32,323.97,52.96,29.62,0.56,-1,-1,-1
254,4,581.96,376.01,204.19,52.95,0.38,-1,-1,-1
254,60,1885.50,326.52,42.59,21.36,0.41,-1,-1,-1
254,68,588.08,378.14,189.22,50.49,0.82,-1,-1,-1
255,1,890.64,345.56,77.96,20.72,0.87,-1,-1,-1
255,3,573.04,442.19,760.21,400.96,0.46,-1,-1,-1
255,58,52.36,322.46,52.39,29.78,0.59,-1,-1,-1
255,4,584.12,375.84,204.34,53.12,0.44,-1,-1,-1
255,60,1887.06,326.00,42.05,22.09,0.36,-1,-1,-1
255,68,590.53,378.53,189.52,50.45,0.85,-1,-1,-1
256,1,892.44,345.90,78.11,20.66,0.92,-1,-1,-1
256,3,573.50,446.33,751.84,397.92,0.48,-1,-1,-1
256,4,585.46,375.26,204.86,53.45,0.31,-1,-1,-1
256,60,1889.11,325.71,40.46,22.35,0.50,-1,-1,-1
256,68,591.27,377.71,192.01,51.05,0.87,-1,-1,-1
257,1,893.95,345.97,77.84,20.49,0.91,-1,-1,-1
257,3,575.14,449.55,745.20,395.57,0.67,-1,-1,-1
257,4,586.63,374.92,205.49,53.78,0.52,-1,-1,-1
257,60,1891.84,326.83,36.70,21.25,0.38,-1,-1,-1
257,68,592.44,377.46,192.77,51.17,0.86,-1,-1,-1
257,58,57.31,322.95,55.54,31.56,0.48,-1,-1,-1
258,1,895.47,345.62,78.92,20.75,0.92,-1,-1,-1
258,3,575.37,455.64,728.79,388.11,0.61,-1,-1,-1
258,4,586.75,373.43,208.64,54.94,0.47,-1,-1,-1
258,60,1892.68,328.19,34.12,20.50,0.33,-1,-1,-1
258,68,592.89,376.39,195.63,52.01,0.81,-1,-1,-1
258,58,54.84,322.05,55.95,31.92,0.49,-1,-1,-1
259,1,895.80,345.31,80.42,21.18,0.92,-1,-1,-1
259,3,572.47,454.22,733.07,391.97,0.62,-1,-1,-1
259,4,588.57,373.75,207.23,54.81,0.33,-1,-1,-1
259,68,594.16,376.62,195.28,51.91,0.87,-1,-1,-1
259,58,59.73,323.57,51.57,29.63,0.32,-1,-1,-1
260,1,897.84,345.59,79.51,20.87,0.91,-1,-1,-1
260,3,574.71,451.77,738.90,395.71,0.49,-1,-1,-1
260,68,596.85,377.23,191.20,50.76,0.89,-1,-1,-1
260,58,53.34,322.28,53.78,30.05,0.27,-1,-1,-1
261,1,900.21,346.00,78.31,20.42,0.90,-1,-1,-1
261,3,575.14,456.93,723.43,388.68,0.61,-1,-1,-1
261,58,63.36,322.45,50.14,28.41,0.29,-1,-1,-1
262,1,901.35,346.18,78.21,20.31,0.91,-1,-1,-1
262,3,581.31,453.36,721.38,388.78,0.36,-1,-1,-1
262,4,592.14,373.43,207.49,55.21,0.27,-1,-1,-1
263,1,903.54,346.40,76.82,19.83,0.93,-1,-1,-1
263,3,580.97,456.56,712.50,384.63,0.40,-1,-1,-1
263,4,597.44,375.05,198.72,53.00,0.84,-1,-1,-1
263,58,81.82,320.66,58.21,32.05,0.58,-1,-1,-1
264,1,904.00,346.47,76.46,19.65,0.92,-1,-1,-1
264,3,583.22,459.39,704.60,380.54,0.55,-1,-1,-1
264,4,599.73,375.21,196.14,52.50,0.88,-1,-1,-1
264,58,86.13,322.85,55.92,30.62,0.24,-1,-1,-1
265,1,904.74,346.16,77.47,19.92,0.91,-1,-1,-1
265,3,581.07,459.46,703.99,380.76,0.49,-1,-1,-1
265,4,600.76,375.02,194.79,52.28,0.84,-1,-1,-1
265,58,78.31,319.42,58.52,32.29,0.42,-1,-1,-1
266,1,906.09,345.85,78.22,20.07,0.91,-1,-1,-1
266,3,582.62,461.35,701.50,379.77,0.54,-1,-1,-1
266,4,602.73,375.14,194.51,52.25,0.81,-1,-1,-1
266,58,89.49,321.78,57.10,30.46,0.42,-1,-1,-1
267,1,906.30,345.20,80.53,20.71,0.90,-1,-1,-1
267,3,588.05,460.42,706.81,381.92,0.49,-1,-1,-1
267,4,602.16,373.11,202.49,54.79,0.65,-1,-1,-1
267,58,86.14,323.55,52.04,28.03,0.61,-1,-1,-1
268,1,907.84,345.09,81.53,20.96,0.91,-1,-1,-1
268,3,584.64,454.53,721.03,390.48,0.31,-1,-1,-1
268,4,604.38,373.55,202.75,55.09,0.75,-1,-1,-1
268,58,89.21,321.79,59.06,31.33,0.60,-1,-1,-1
269,1,908.96,344.77,82.13,21.14,0.90,-1,-1,-1
269,3,584.50,454.90,728.22,394.26,0.36,-1,-1,-1
269,4,605.84,373.08,203.77,55.57,0.74,-1,-1,-1
269,58,94.33,321.78,58.56,30.85,0.63,-1,-1,-1
270,1,911.57,345.13,80.05,20.58,0.89,-1,-1,-1
270,3,578.92,454.52,727.84,395.19,0.59,-1,-1,-1
270,4,609.13,373.96,199.22,54.38,0.86,-1,-1,-1
270,58,90.96,322.42,54.98,29.15,0.45,-1,-1,-1
271,1,914.10,345.24,77.93,19.97,0.84,-1,-1,-1
271,3,570.94,454.53,722.27,394.40,0.58,-1,-1,-1
271,4,610.76,374.60,196.61,53.73,0.89,-1,-1,-1
271,58,94.32,322.64,52.00,28.00,0.25,-1,-1,-1
272,1,915.96,345.62,77.86,19.89,0.87,-1,-1,-1
272,3,569.91,452.01,731.34,400.64,0.58,-1,-1,-1
272,4,612.27,374.37,196.43,53.72,0.89,-1,-1,-1
273,1,916.07,344.84,79.56,20.44,0.88,-1,-1,-1
273,3,572.58,450.52,737.04,404.71,0.59,-1,-1,-1
273,4,616.26,376.13,191.16,52.18,0.91,-1,-1,-1
273,58,98.95,319.88,57.19,31.19,0.31,-1,-1,-1
274,1,919.55,345.42,77.19,19.70,0.82,-1,-1,-1
274,3,572.79,448.76,737.31,406.12,0.62,-1,-1,-1
274,4,617.34,375.95,192.13,52.37,0.91,-1,-1,-1
274,58,100.03,319.60,55.68,30.92,0.53,-1,-1,-1
275,1,920.25,345.27,78.34,19.93,0.86,-1,-1,-1
275,3,576.95,447.78,736.49,406.00,0.64,-1,-1,-1
275,4,618.58,376.20,190.70,51.84,0.91,-1,-1,-1
275,58,103.04,320.21,53.89,30.35,0.35,-1,-1,-1
276,1,922.02,345.66,75.86,19.31,0.85,-1,-1,-1
276,3,580.66,446.64,742.73,409.21,0.55,-1,-1,-1
276,4,619.75,375.60,191.73,52.10,0.91,-1,-1,-1
276,58,104.76,321.02,53.91,31.06,0.57,-1,-1,-1
277,1,922.91,345.71,75.25,19.12,0.84,-1,-1,-1
277,3,586.68,446.02,741.00,407.41,0.62,-1,-1,-1
277,4,622.90,376.70,187.81,50.81,0.91,-1,-1,-1
277,58,106.71,319.21,54.04,31.63,0.66,-1,-1,-1
278,1,923.94,345.49,76.95,19.54,0.91,-1,-1,-1
278,3,585.27,444.33,739.93,407.09,0.59,-1,-1,-1
278,4,624.65,377.16,184.62,49.72,0.91,-1,-1,-1
278,58,97.91,320.34,54.82,30.93,0.33,-1,-1,-1
279,1,926.48,346.29,74.05,18.69,0.86,-1,-1,-1
279,3,585.16,444.39,738.67,406.65,0.62,-1,-1,-1
279,4,624.57,376.40,187.30,50.38,0.91,-1,-1,-1
279,58,108.63,321.28,52.60,30.08,0.35,-1,-1,-1
280,1,925.83,345.64,76.07,19.31,0.88,-1,-1,-1
280,3,597.26,446.18,738.31,404.08,0.56,-1,-1,-1
280,4,626.12,376.66,186.50,50.07,0.92,-1,-1,-1
280,58,111.40,320.98,50.83,29.26,0.24,-1,-1,-1
280,78,524.70,330.73,33.08,11.65,0.72,-1,-1,-1
281,1,925.68,344.69,81.75,20.84,0.91,-1,-1,-1
281,3,596.94,447.17,738.54,403.03,0.52,-1,-1,-1
281,4,625.42,375.58,190.44,51.12,0.90,-1,-1,-1
281,58,112.54,321.58,54.06,31.07,0.32,-1,-1,-1
282,1,927.25,344.55,82.88,21.15,0.91,-1,-1,-1
282,3,590.14,439.14,753.49,411.34,0.32,-1,-1,-1
282,4,627.60,376.02,188.69,50.57,0.90,-1,-1,-1
282,58,117.54,321.38,52.70,30.37,0.44,-1,-1,-1
282,78,526.75,330.96,34.66,12.15,0.75,-1,-1,-1
283,1,929.46,344.20,82.72,21.17,0.89,-1,-1,-1
283,3,596.37,445.07,745.98,405.87,0.36,-1,-1,-1
283,4,629.43,376.20,188.18,50.33,0.90,-1,-1,-1
283,58,124.70,320.96,54.23,31.37,0.60,-1,-1,-1
283,78,528.87,330.71,33.49,11.67,0.22,-1,-1,-1
284,1,931.28,344.37,82.00,21.03,0.91,-1,-1,-1
284,3,589.90,438.15,759.32,413.48,0.48,-1,-1,-1
284,4,632.18,377.16,186.05,49.61,0.88,-1,-1,-1
284,58,116.59,318.92,57.19,32.37,0.26,-1,-1,-1
284,78,530.65,330.66,31.93,11.06,0.29,-1,-1,-1
285,1,932.95,344.26,82.25,21.21,0.91,-1,-1,-1
285,3,588.17,437.76,759.07,413.68,0.30,-1,-1,-1
285,4,630.54,375.57,190.75,50.91,0.86,-1,-1,-1
285,58,115.59,320.29,57.61,32.15,0.27,-1,-1,-1
285,78,531.83,330.32,32.18,11.19,0.29,-1,-1,-1
286,1,935.83,344.76,79.83,20.60,0.90,-1,-1,-1
286,3,595.85,446.03,747.83,406.49,0.44,-1,-1,-1
286,4,630.27,374.76,194.41,51.99,0.82,-1,-1,-1
286,58,112.36,322.17,61.33,33.61,0.62,-1,-1,-1
286,78,534.51,330.25,36.04,12.56,0.30,-1,-1,-1
287,1,937.60,344.70,81.06,20.93,0.90,-1,-1,-1
287,3,597.82,450.76,735.18,398.93,0.56,-1,-1,-1
287,4,632.96,375.25,190.82,50.97,0.79,-1,-1,-1
287,58,115.39,322.51,60.74,32.68,0.41,-1,-1,-1
288,1,938.14,344.59,81.54,21.12,0.91,-1,-1,-1
288,3,599.50,454.61,732.81,396.56,0.57,-1,-1,-1
288,4,635.64,375.58,189.99,50.72,0.79,-1,-1,-1
288,58,119.29,320.91,61.25,32.78,0.70,-1,-1,-1
288,78,539.17,330.86,38.54,13.28,0.36,-1,-1,-1
289,1,941.21,344.93,79.40,20.56,0.91,-1,-1,-1
289,3,597.59,456.01,733.19,396.23,0.61,-1,-1,-1
289,4,637.42,375.60,189.33,50.46,0.21,-1,-1,-1
289,58,127.11,321.47,62.70,33.14,0.51,-1,-1,-1
290,1,942.56,344.99,78.81,20.47,0.91,-1,-1,-1
290,3,603.28,455.19,743.18,399.78,0.36,-1,-1,-1
290,4,641.22,375.55,190.49,50.80,0.84,-1,-1,-1
290,58,129.53,319.36,63.62,33.76,0.43,-1,-1,-1
290,78,542.65,330.51,35.14,12.10,0.67,-1,-1,-1
291,1,944.80,344.80,79.33,20.57,0.92,-1,-1,-1
291,3,595.36,447.52,751.64,404.70,0.38,-1,-1,-1
291,4,642.74,375.58,191.52,51.07,0.82,-1,-1,-1
291,58,140.96,319.77,58.37,31.43,0.71,-1,-1,-1
291,78,545.55,329.96,33.84,11.54,0.62,-1,-1,-1
292,1,946.04,344.90,79.95,20.73,0.91,-1,-1,-1
292,3,593.50,445.40,749.35,403.81,0.41,-1,-1,-1
292,4,641.46,374.47,196.38,52.47,0.77,-1,-1,-1
292,58,139.85,318.05,62.38,33.34,0.27,-1,-1,-1
292,78,545.21,329.51,35.77,12.16,0.69,-1,-1,-1
293,1,947.48,345.20,79.50,20.58,0.93,-1,-1,-1
293,3,598.15,450.99,744.41,399.95,0.42,-1,-1,-1
293,4,642.48,374.00,197.85,53.00,0.78,-1,-1,-1
293,58,136.83,317.03,62.86,33.61,0.51,-1,-1,-1
293,78,546.43,329.61,35.22,12.00,0.29,-1,-1,-1
294,1,948.76,345.21,79.13,20.53,0.93,-1,-1,-1
294,3,593.87,447.11,745.30,400.64,0.49,-1,-1,-1
294,4,644.74,374.04,195.59,52.52,0.83,-1,-1,-1
294,58,148.57,318.11,61.87,33.32,0.65,-1,-1,-1
294,78,548.38,329.74,34.41,11.64,0.40,-1,-1,-1
295,1,949.29,345.37,78.46,20.36,0.91,-1,-1,-1
295,3,594.18,447.30,740.98,398.26,0.54,-1,-1,-1
295,4,648.89,374.42,193.79,52.32,0.55,-1,-1,-1
295,58,154.80,316.51,68.96,37.06,0.72,-1,-1,-1
296,1,951.27,345.18,79.80,20.65,0.90,-1,-1,-1
296,3,594.50,448.55,736.53,395.76,0.51,-1,-1,-1
296,4,650.97,373.70,194.00,52.76,0.75,-1,-1,-1
296,58,161.58,319.21,67.57,35.57,0.22,-1,-1,-1
296,78,552.30,329.89,34.54,11.61,0.48,-1,-1,-1
297,1,952.50,344.33,82.45,21.34,0.89,-1,-1,-1
297,3,595.06,448.70,734.67,395.07,0.50,-1,-1,-1
297,4,652.92,374.19,192.98,52.82,0.76,-1,-1,-1
297,58,158.42,318.97,61.12,32.69,0.49,-1,-1,-1
297,78,554.24,328.62,37.22,12.48,0.56,-1,-1,-1
298,1,952.96,344.18,83.14,21.58,0.89,-1,-1,-1
298,3,594.20,447.44,738.93,397.61,0.50,-1,-1,-1
298,4,653.40,373.06,194.67,53.67,0.74,-1,-1,-1
298,58,156.20,315.69,65.64,35.10,0.38,-1,-1,-1
298,78,554.56,328.81,38.07,12.75,0.31,-1,-1,-1
299,1,955.73,344.37,81.48,21.19,0.89,-1,-1,-1
299,3,589.94,443.04,751.36,405.62,0.50,-1,-1,-1
299,4,657.44,374.47,188.56,52.13,0.80,-1,-1,-1
299,58,152.14,319.07,62.22,33.13,0.48,-1,-1,-1
299,78,558.56,329.65,37.76,12.67,0.62,-1,-1,-1
300,1,956.45,344.24,81.51,21.25,0.89,-1,-1,-1
300,3,588.79,442.04,751.19,406.71,0.53,-1,-1,-1
300,4,657.39,373.97,189.85,52.70,0.77,-1,-1,-1
300,58,150.40,320.15,58.98,31.03,0.33,-1,-1,-1
300,78,561.25,330.08,37.71,12.63,0.35,-1,-1,-1
301,1,958.28,344.12,81.80,21.37,0.90,-1,-1,-1
301,3,594.02,445.56,739.04,401.09,0.36,-1,-1,-1
301,4,658.49,374.12,190.57,53.10,0.82,-1,-1,-1
301,58,167.37,318.73,64.03,33.72,0.40,-1,-1,-1
302,1,960.40,343.82,82.81,21.73,0.90,-1,-1,-1
302,3,592.42,442.49,748.11,407.09,0.44,-1,-1,-1
302,4,656.67,372.52,196.51,55.13,0.77,-1,-1,-1
302,58,170.94,318.67,65.62,33.64,0.33,-1,-1,-1
302,84,159.45,318.03,68.71,33.20,0.49,-1,-1,-1
303,1,961.47,343.87,82.91,21.85,0.91,-1,-1,-1
303,3,591.62,439.36,754.81,412.02,0.50,-1,-1,-1
303,4,659.40,372.32,195.01,54.90,0.80,-1,-1,-1
303,58,179.85,318.68,65.96,33.82,0.51,-1,-1,-1
304,1,964.16,343.84,81.13,21.48,0.89,-1,-1,-1
304,3,597.61,444.62,743.65,406.33,0.46,-1,-1,-1
304,4,662.38,372.70,193.46,54.63,0.84,-1,-1,-1
304,58,179.43,318.59,66.38,34.42,0.60,-1,-1,-1
304,78,566.86,330.07,36.95,12.36,0.40,-1,-1,-1
305,1,967.26,344.41,77.99,20.71,0.88,-1,-1,-1
305,3,600.26,446.05,735.15,402.60,0.50,-1,-1,-1
305,4,665.56,372.83,191.30,54.16,0.85,-1,-1,-1
305,78,569.48,329.67,35.90,11.98,0.37,-1,-1,-1
305,84,156.36,319.41,65.51,31.55,0.30,-1,-1,-1
306,1,968.32,343.79,80.85,21.62,0.88,-1,-1,-1
306,3,603.22,443.70,736.21,403.82,0.57,-1,-1,-1
306,4,665.04,371.84,194.89,55.38,0.73,-1,-1,-1
306,84,161.32,324.47,60.15,28.85,0.28,-1,-1,-1
306,58,186.39,322.58,60.26,30.92,0.20,-1,-1,-1
307,1,970.21,343.40,80.79,21.64,0.87,-1,-1,-1
307,3,602.77,441.66,738.97,406.44,0.58,-1,-1,-1
307,4,668.48,372.88,190.31,54.05,0.84,-1,-1,-1
307,58,184.98,319.73,64.79,33.04,0.58,-1,-1,-1
307,78,573.03,329.57,33.54,11.24,0.33,-1,-1,-1
308,1,972.72,343.63,79.76,21.41,0.91,-1,-1,-1
308,3,602.56,440.76,737.18,406.42,0.64,-1,-1,-1
308,4,670.40,373.26,188.88,53.64,0.88,-1,-1,-1
308,58,192.55,320.79,64.66,32.77,0.69,-1,-1,-1
308,78,573.94,329.38,33.36,11.21,0.31,-1,-1,-1
309,1,973.96,344.19,77.50,20.85,0.89,-1,-1,-1
309,3,601.68,442.03,731.50,404.50,0.64,-1,-1,-1
309,4,673.14,373.98,185.68,52.58,0.88,-1,-1,-1
309,58,195.38,319.58,64.95,32.99,0.67,-1,-1,-1
309,78,576.06,330.15,33.41,11.38,0.23,-1,-1,-1
310,1,974.79,344.10,78.12,21.06,0.89,-1,-1,-1
310,3,601.94,444.23,720.01,399.18,0.45,-1,-1,-1
310,4,673.96,373.91,186.27,52.65,0.86,-1,-1,-1
310,58,194.51,318.64,66.12,33.63,0.78,-1,-1,-1
311,1,976.63,343.97,79.32,21.33,0.89,-1,-1,-1
311,3,601.64,450.61,710.44,394.65,0.41,-1,-1,-1
311,4,675.46,373.72,184.44,52.04,0.84,-1,-1,-1
311,58,193.06,318.84,60.71,31.78,0.35,-1,-1,-1
312,1,979.28,343.86,79.20,21.25,0.89,-1,-1,-1
312,3,602.58,452.67,708.23,393.65,0.45,-1,-1,-1
312,4,677.39,374.26,181.68,51.06,0.88,-1,-1,-1
312,58,197.03,319.28,57.98,30.67,0.53,-1,-1,-1
313,1,981.18,343.95,79.06,21.11,0.87,-1,-1,-1
313,3,598.98,442.60,727.86,405.84,0.54,-1,-1,-1
313,4,678.61,374.50,180.46,50.56,0.87,-1,-1,-1
313,58,197.17,318.52,60.44,32.61,0.47,-1,-1,-1
313,78,589.87,329.46,35.78,12.10,0.32,-1,-1,-1
314,1,982.21,344.64,77.88,20.75,0.89,-1,-1,-1
314,3,601.11,442.51,722.47,404.24,0.26,-1,-1,-1
314,4,680.94,375.25,177.88,49.59,0.89,-1,-1,-1
314,58,195.85,316.50,56.97,31.32,0.41,-1,-1,-1
314,78,590.37,330.14,33.95,11.61,0.59,-1,-1,-1
315,1,984.12,344.82,76.20,20.30,0.90,-1,-1,-1
315,3,605.23,444.29,715.21,401.40,0.20,-1,-1,-1
315,4,684.37,375.09,177.90,49.56,0.74,-1,-1,-1
315,58,198.94,314.56,60.46,33.67,0.58,-1,-1,-1
315,78,591.55,328.43,35.71,12.42,0.72,-1,-1,-1
316,1,985.69,344.51,76.70,20.48,0.90,-1,-1,-1
316,3,608.65,445.60,711.43,400.37,0.22,-1,-1,-1
316,4,683.23,375.21,177.31,49.25,0.86,-1,-1,-1
316,58,202.12,314.60,59.25,33.61,0.40,-1,-1,-1
316,78,594.57,328.89,34.27,12.05,0.69,-1,-1,-1
317,1,988.75,344.64,76.63,20.34,0.88,-1,-1,-1
317,3,607.24,440.72,720.86,407.22,0.38,-1,-1,-1
317,4,685.78,374.46,181.27,50.59,0.78,-1,-1,-1
317,78,594.22,328.57,33.60,11.96,0.74,-1,-1,-1
318,1,989.80,344.35,77.90,20.70,0.89,-1,-1,-1
318,3,609.56,440.55,722.40,408.91,0.55,-1,-1,-1
318,4,686.92,374.58,181.69,50.78,0.82,-1,-1,-1
318,78,595.48,328.07,34.40,12.33,0.71,-1,-1,-1
319,1,989.92,344.19,78.75,20.98,0.90,-1,-1,-1
319,3,609.25,438.81,727.28,412.55,0.60,-1,-1,-1
319,4,694.29,374.26,183.12,51.86,0.51,-1,-1,-1
319,78,597.52,328.21,33.94,12.33,0.32,-1,-1,-1
320,1,991.83,344.68,76.65,20.40,0.88,-1,-1,-1
320,3,610.95,439.58,722.58,410.86,0.38,-1,-1,-1
320,4,692.31,373.16,183.38,51.97,0.85,-1,-1,-1
320,78,598.74,328.69,32.99,11.98,0.58,-1,-1,-1
320,58,216.10,315.40,54.51,31.13,0.25,-1,-1,-1
321,1,992.52,344.22,77.51,20.67,0.90,-1,-1,-1
321,3,614.91,442.04,712.07,405.24,0.50,-1,-1,-1
321,78,599.84,328.06,33.44,12.16,0.50,-1,-1,-1
321,58,220.02,315.62,56.39,32.01,0.44,-1,-1,-1
322,1,993.26,343.64,81.04,21.70,0.90,-1,-1,-1
322,3,616.99,442.86,708.34,403.51,0.61,-1,-1,-1
322,4,696.71,372.31,185.74,53.05,0.21,-1,-1,-1
323,1,997.69,345.02,75.74,20.21,0.89,-1,-1,-1
323,3,616.59,439.78,713.49,406.98,0.63,-1,-1,-1
323,4,701.91,373.85,177.43,50.81,0.43,-1,-1,-1
323,78,605.26,327.72,33.65,12.18,0.34,-1,-1,-1
323,58,225.88,317.36,51.91,29.63,0.54,-1,-1,-1
324,1,998.89,344.61,75.68,20.22,0.90,-1,-1,-1
324,3,620.60,442.49,703.36,401.53,0.62,-1,-1,-1
324,4,703.81,373.49,177.91,51.14,0.40,-1,-1,-1
324,78,607.35,327.84,35.99,12.95,0.31,-1,-1,-1
325,1,998.55,343.72,78.47,21.06,0.90,-1,-1,-1
325,3,624.62,443.66,700.84,400.57,0.54,-1,-1,-1
325,4,705.38,373.60,179.20,51.81,0.50,-1,-1,-1
325,78,610.47,328.13,35.01,12.66,0.36,-1,-1,-1
326,1,1000.66,343.96,76.91,20.72,0.89,-1,-1,-1
326,3,624.09,441.10,703.76,402.79,0.58,-1,-1,-1
326,4,708.04,374.61,176.05,51.08,0.48,-1,-1,-1
326,78,609.17,327.70,36.41,13.31,0.27,-1,-1,-1
327,1,1001.95,344.13,75.73,20.48,0.90,-1,-1,-1
327,3,622.42,440.79,707.41,405.66,0.55,-1,-1,-1
327,4,709.44,374.52,175.50,51.01,0.56,-1,-1,-1
327,78,611.92,328.52,33.50,12.35,0.73,-1,-1,-1
327,58,240.98,316.06,58.64,32.48,0.29,-1,-1,-1
328,1,1003.26,343.39,78.77,21.33,0.89,-1,-1,-1
328,3,624.93,445.20,698.08,401.47,0.39,-1,-1,-1
328,4,706.54,373.19,180.88,52.82,0.41,-1,-1,-1
328,78,614.27,328.86,31.21,11.52,0.61,-1,-1,-1
329,1,1004.53,343.25,80.00,21.78,0.89,-1,-1,-1
329,3,628.25,446.10,692.16,398.68,0.51,-1,-1,-1
329,4,708.09,373.67,178.71,52.19,0.52,-1,-1,-1
329,78,617.83,328.73,30.86,11.37,0.51,-1,-1,-1
330,1,1006.46,343.55,79.01,21.57,0.89,-1,-1,-1
330,3,633.62,450.47,681.71,392.81,0.54,-1,-1,-1
330,4,707.64,373.02,181.25,53.06,0.59,-1,-1,-1
330,78,619.40,328.84,30.37,11.03,0.43,-1,-1,-1
331,1,1008.15,343.80,77.82,21.32,0.88,-1,-1,-1
331,3,630.77,456.24,677.72,390.10,0.26,-1,-1,-1
331,4,709.25,373.29,179.71,52.63,0.69,-1,-1,-1
332,1,1008.85,343.23,79.33,21.81,0.88,-1,-1,-1
332,3,629.89,457.93,681.59,392.10,0.23,-1,-1,-1
332,4,711.30,372.99,179.22,52.66,0.79,-1,-1,-1
332,58,249.55,317.25,57.64,31.70,0.60,-1,-1,-1
332,78,622.67,328.74,31.48,11.37,0.29,-1,-1,-1
333,1,1013.09,344.00,77.08,21.25,0.89,-1,-1,-1
333,4,713.50,373.05,176.61,51.93,0.70,-1,-1,-1
333,58,208.15,317.60,68.60,33.21,0.23,-1,-1,-1
334,1,1014.30,344.39,75.14,20.83,0.89,-1,-1,-1
334,4,714.28,373.31,174.88,51.32,0.74,-1,-1,-1
334,3,635.24,452.48,687.76,396.01,0.53,-1,-1,-1
334,78,626.17,328.25,31.86,11.54,0.22,-1,-1,-1
335,1,1014.98,343.04,76.82,21.49,0.87,-1,-1,-1
335,4,714.70,373.48,175.21,51.32,0.84,-1,-1,-1
335,3,634.57,449.11,688.09,396.98,0.58,-1,-1,-1
335,78,628.57,327.61,33.52,12.21,0.21,-1,-1,-1
335,58,239.88,316.63,66.17,32.97,0.63,-1,-1,-1
336,1,1016.49,342.94,76.82,21.55,0.87,-1,-1,-1
336,4,713.02,372.46,181.38,53.14,0.85,-1,-1,-1
336,3,634.65,447.11,690.52,399.15,0.45,-1,-1,-1
336,78,630.47,328.05,33.05,11.96,0.22,-1,-1,-1
336,58,252.70,315.11,74.20,36.72,0.55,-1,-1,-1
337,1,1020.37,344.04,73.30,20.46,0.26,-1,-1,-1
337,4,713.45,371.59,184.09,54.06,0.83,-1,-1,-1
337,3,631.19,442.50,696.15,403.58,0.48,-1,-1,-1
337,58,258.36,314.19,74.29,37.09,0.37,-1,-1,-1
338,1,1019.88,342.97,75.58,21.22,0.89,-1,-1,-1
338,4,716.48,372.56,181.24,53.08,0.87,-1,-1,-1
338,3,632.19,442.36,697.05,404.52,0.61,-1,-1,-1
338,58,262.36,314.13,79.05,39.41,0.73,-1,-1,-1
339,1,1022.77,343.32,74.01,20.83,0.90,-1,-1,-1
339,4,718.35,372.80,179.54,52.50,0.89,-1,-1,-1
339,3,635.54,445.72,684.48,398.13,0.60,-1,-1,-1
339,58,267.16,312.24,83.49,41.09,0.24,-1,-1,-1
339,78,635.63,328.05,33.32,12.08,0.45,-1,-1,-1
340,1,1024.03,343.50,73.72,20.79,0.90,-1,-1,-1
340,4,720.25,372.52,180.40,52.66,0.88,-1,-1,-1
340,3,638.45,446.64,677.64,394.74,0.57,-1,-1,-1
340,58,273.20,315.02,75.81,36.57,0.24,-1,-1,-1
340,78,637.68,327.90,34.39,12.58,0.68,-1,-1,-1
341,1,1026.12,344.24,72.66,20.45,0.90,-1,-1,-1
341,4,718.14,370.89,186.85,54.72,0.87,-1,-1,-1
341,3,640.42,445.07,675.85,393.65,0.60,-1,-1,-1
341,58,275.63,315.90,77.56,36.91,0.49,-1,-1,-1
341,78,640.11,327.84,35.42,12.95,0.64,-1,-1,-1
342,1,1029.82,344.68,70.40,19.80,0.90,-1,-1,-1
342,4,720.98,371.39,183.54,53.66,0.92,-1,-1,-1
342,3,638.30,442.62,683.76,398.68,0.63,-1,-1,-1
342,58,274.49,314.53,78.51,37.29,0.61,-1,-1,-1
343,1,1031.46,344.66,69.84,19.71,0.90,-1,-1,-1
343,4,721.50,371.10,185.45,54.27,0.90,-1,-1,-1
343,3,636.73,442.86,679.82,397.73,0.65,-1,-1,-1
343,58,277.07,312.57,79.78,37.61,0.31,-1,-1,-1
343,78,643.83,326.56,37.26,13.50,0.49,-1,-1,-1
344,1,1032.23,344.46,70.29,19.84,0.90,-1,-1,-1
344,4,724.11,371.55,183.11,53.54,0.90,-1,-1,-1
344,3,638.12,442.76,672.87,395.64,0.58,-1,-1,-1
344,58,278.60,311.46,81.86,38.05,0.35,-1,-1,-1
345,1,1033.69,343.63,73.05,20.61,0.90,-1,-1,-1
345,4,724.48,371.23,185.18,54.26,0.89,-1,-1,-1
345,3,639.56,444.25,667.16,393.98,0.54,-1,-1,-1
345,58,274.45,311.85,85.41,40.18,0.65,-1,-1,-1
346,1,1036.88,344.46,71.03,19.80,0.89,-1,-1,-1
346,4,726.25,371.48,182.81,53.55,0.89,-1,-1,-1
346,3,642.94,445.26,660.86,390.84,0.59,-1,-1,-1
346,58,277.77,310.77,82.85,39.23,0.34,-1,-1,-1
346,78,647.68,327.00,32.99,12.10,0.39,-1,-1,-1
347,1,1037.47,344.02,72.74,20.24,0.89,-1,-1,-1
347,4,728.34,370.53,185.21,54.58,0.56,-1,-1,-1
347,3,642.23,447.07,654.37,387.78,0.54,-1,-1,-1
347,58,273.00,313.10,71.59,35.07,0.47,-1,-1,-1
348,1,1040.03,344.23,71.36,19.80,0.88,-1,-1,-1
348,4,731.01,370.74,184.19,54.56,0.73,-1,-1,-1
348,3,643.23,444.83,657.75,390.45,0.53,-1,-1,-1
349,1,1039.54,343.35,74.73,20.79,0.89,-1,-1,-1
349,4,733.06,372.37,177.00,52.18,0.89,-1,-1,-1
349,3,643.13,446.58,647.78,386.39,0.31,-1,-1,-1
349,78,652.03,327.40,37.15,13.48,0.34,-1,-1,-1
349,58,284.02,318.59,71.78,35.21,0.79,-1,-1,-1
