1,1,868.06,493.97,392.67,285.03,0.84,-1,-1,-1
1,2,208.73,594.47,165.40,27.01,0.81,-1,-1,-1
2,1,868.81,497.03,389.91,283.02,0.88,-1,-1,-1
2,2,210.63,594.15,165.51,27.02,0.83,-1,-1,-1
3,1,866.56,492.15,395.96,287.47,0.81,-1,-1,-1
3,2,212.64,595.50,159.46,26.00,0.84,-1,-1,-1
4,1,861.78,483.31,406.98,295.83,0.83,-1,-1,-1
4,2,209.89,595.39,162.46,26.47,0.85,-1,-1,-1
5,1,861.60,484.33,404.28,294.18,0.84,-1,-1,-1
5,2,206.05,594.91,166.38,27.11,0.82,-1,-1,-1
6,1,861.27,485.66,405.85,295.65,0.85,-1,-1,-1
6,2,205.73,595.16,164.30,26.72,0.83,-1,-1,-1
7,1,858.69,482.77,407.75,297.71,0.85,-1,-1,-1
7,2,204.49,595.02,165.92,26.99,0.84,-1,-1,-1
8,1,862.85,487.32,400.92,292.74,0.87,-1,-1,-1
8,2,200.81,594.97,167.42,27.25,0.83,-1,-1,-1
9,1,863.60,487.94,398.49,291.16,0.85,-1,-1,-1
9,2,198.08,594.82,169.64,27.64,0.83,-1,-1,-1
10,1,849.81,466.11,426.37,313.68,0.56,-1,-1,-1
10,2,195.27,594.81,171.46,27.96,0.79,-1,-1,-1
11,1,854.63,476.50,414.96,306.22,0.87,-1,-1,-1
11,2,195.49,594.88,170.29,27.77,0.80,-1,-1,-1
12,1,855.18,477.49,413.79,306.44,0.81,-1,-1,-1
12,2,193.35,594.91,170.95,27.91,0.82,-1,-1,-1
13,1,854.94,478.63,409.99,305.14,0.86,-1,-1,-1
13,2,193.90,594.81,169.32,27.69,0.82,-1,-1,-1
14,1,867.15,490.16,392.92,292.61,0.76,-1,-1,-1
14,2,191.64,594.87,169.48,27.71,0.85,-1,-1,-1
15,1,863.53,487.75,396.70,296.16,0.85,-1,-1,-1
15,2,189.40,594.72,170.64,27.87,0.81,-1,-1,-1
16,1,857.00,476.69,407.80,305.91,0.83,-1,-1,-1
16,2,187.96,594.82,171.83,28.05,0.79,-1,-1,-1
17,1,858.38,478.03,404.31,303.93,0.85,-1,-1,-1
17,2,183.10,594.50,176.69,28.87,0.46,-1,-1,-1
18,1,860.96,481.86,395.10,297.49,0.86,-1,-1,-1
18,2,185.07,594.84,171.57,28.00,0.86,-1,-1,-1
19,1,857.21,476.97,399.85,302.38,0.81,-1,-1,-1
19,2,182.90,595.03,171.87,28.02,0.82,-1,-1,-1
20,1,859.98,480.44,395.09,299.03,0.85,-1,-1,-1
20,2,184.09,595.32,169.45,27.58,0.80,-1,-1,-1
21,1,856.73,475.84,399.15,303.41,0.79,-1,-1,-1
21,2,184.27,595.00,167.88,27.28,0.81,-1,-1,-1
22,1,855.87,474.42,400.98,306.04,0.78,-1,-1,-1
22,2,183.96,594.87,168.64,27.39,0.80,-1,-1,-1
23,1,852.65,467.61,407.40,312.65,0.77,-1,-1,-1
23,2,183.04,594.62,169.17,27.49,0.75,-1,-1,-1
24,1,855.17,471.93,401.27,308.76,0.78,-1,-1,-1
24,2,181.21,594.69,168.55,27.44,0.74,-1,-1,-1
24,7,871.17,435.66,370.51,286.93,0.53,-1,-1,-1
25,1,862.83,475.88,395.80,305.18,0.79,-1,-1,-1
25,2,177.45,594.53,173.50,28.32,0.83,-1,-1,-1
26,1,859.47,472.23,396.82,307.33,0.85,-1,-1,-1
26,2,178.89,594.56,170.07,27.78,0.75,-1,-1,-1
27,1,859.68,476.23,391.12,303.41,0.86,-1,-1,-1
27,2,172.25,594.68,174.30,28.45,0.84,-1,-1,-1
28,1,862.63,481.20,384.87,298.61,0.48,-1,-1,-1
28,2,168.56,594.17,178.33,29.15,0.84,-1,-1,-1
29,1,858.51,477.22,391.63,305.12,0.81,-1,-1,-1
29,2,170.77,594.42,175.10,28.62,0.82,-1,-1,-1
30,1,855.48,472.81,396.42,310.09,0.82,-1,-1,-1
30,2,169.91,594.79,174.52,28.54,0.83,-1,-1,-1
31,1,866.13,481.49,384.41,300.41,0.89,-1,-1,-1
31,2,169.50,594.87,172.41,28.16,0.80,-1,-1,-1
32,2,168.85,594.70,173.72,28.46,0.80,-1,-1,-1
32,7,855.86,437.14,400.64,311.72,0.93,-1,-1,-1
33,2,167.53,594.71,174.06,28.60,0.81,-1,-1,-1
33,1,852.05,461.08,403.02,317.57,0.75,-1,-1,-1
34,2,166.65,594.82,173.17,28.49,0.78,-1,-1,-1
34,1,848.94,457.45,404.56,321.44,0.76,-1,-1,-1
35,2,164.34,594.32,176.58,29.22,0.82,-1,-1,-1
35,1,855.69,468.45,391.91,311.98,0.87,-1,-1,-1
36,2,163.20,594.45,175.44,29.09,0.79,-1,-1,-1
36,1,850.51,459.33,401.34,322.10,0.72,-1,-1,-1
37,2,166.12,594.78,172.02,28.58,0.82,-1,-1,-1
37,1,856.61,467.39,392.26,315.66,0.88,-1,-1,-1
38,2,164.13,594.73,172.48,28.78,0.82,-1,-1,-1
38,1,849.37,459.43,401.55,325.84,0.80,-1,-1,-1
39,2,164.28,594.77,170.87,28.63,0.80,-1,-1,-1
39,1,859.31,465.84,392.11,319.09,0.67,-1,-1,-1
40,2,164.89,595.25,166.73,27.95,0.81,-1,-1,-1
40,1,854.60,460.02,396.14,324.20,0.76,-1,-1,-1
41,2,162.03,594.92,169.42,28.48,0.84,-1,-1,-1
41,1,866.03,472.31,379.45,310.49,0.80,-1,-1,-1
42,2,159.01,594.59,172.54,29.12,0.83,-1,-1,-1
42,1,857.80,463.85,384.59,316.33,0.80,-1,-1,-1
43,2,156.64,594.29,173.50,29.38,0.83,-1,-1,-1
43,1,869.08,474.58,372.76,305.65,0.79,-1,-1,-1
44,2,155.13,594.84,173.22,29.30,0.79,-1,-1,-1
44,1,872.95,480.35,365.96,299.51,0.82,-1,-1,-1
45,2,154.93,594.99,170.06,28.73,0.79,-1,-1,-1
45,1,874.24,483.73,361.50,295.16,0.90,-1,-1,-1
46,2,155.11,594.60,169.54,28.64,0.78,-1,-1,-1
46,1,871.34,480.40,366.25,299.43,0.80,-1,-1,-1
47,2,149.89,594.46,174.03,29.28,0.86,-1,-1,-1
47,1,870.89,481.91,364.60,297.99,0.88,-1,-1,-1
47,15,862.34,469.26,366.82,250.32,0.23,-1,-1,-1
48,2,148.46,594.63,175.11,29.45,0.85,-1,-1,-1
48,1,869.95,479.39,367.83,300.99,0.47,-1,-1,-1
49,2,147.03,594.75,174.96,29.39,0.84,-1,-1,-1
49,1,868.39,474.92,370.75,304.01,0.29,-1,-1,-1
50,2,148.61,595.40,171.60,28.82,0.84,-1,-1,-1
50,1,869.51,479.05,366.01,300.25,0.88,-1,-1,-1
51,2,148.69,595.65,170.88,28.71,0.85,-1,-1,-1
51,1,871.37,483.46,361.77,296.77,0.91,-1,-1,-1
52,2,146.72,595.45,170.91,28.71,0.83,-1,-1,-1
52,1,861.58,471.57,374.05,307.96,0.27,-1,-1,-1
53,2,144.48,595.71,171.20,28.75,0.84,-1,-1,-1
53,15,843.23,446.60,407.90,280.42,0.82,-1,-1,-1
54,2,141.50,595.23,174.68,29.40,0.86,-1,-1,-1
54,15,852.90,456.68,387.52,266.96,0.27,-1,-1,-1
54,1,856.76,467.56,378.50,312.98,0.40,-1,-1,-1
55,2,141.32,595.43,172.57,29.13,0.86,-1,-1,-1
55,1,864.62,474.92,369.77,306.27,0.87,-1,-1,-1
56,2,141.63,595.76,170.36,28.82,0.87,-1,-1,-1
56,1,870.23,481.22,361.76,299.76,0.90,-1,-1,-1
57,2,140.89,596.05,168.64,28.56,0.88,-1,-1,-1
57,1,873.34,486.47,355.41,294.14,0.92,-1,-1,-1
58,2,139.08,595.87,169.46,28.78,0.86,-1,-1,-1
58,1,854.88,460.35,382.13,319.11,0.47,-1,-1,-1
58,15,824.78,431.24,442.67,311.16,0.86,-1,-1,-1
59,2,140.81,596.26,166.30,28.20,0.88,-1,-1,-1
59,1,862.97,466.93,372.25,311.78,0.88,-1,-1,-1
60,2,139.28,596.05,166.70,28.34,0.87,-1,-1,-1
60,1,867.39,474.47,363.45,304.84,0.89,-1,-1,-1
61,2,136.37,595.91,168.43,28.71,0.84,-1,-1,-1
61,1,864.42,472.37,368.18,310.45,0.86,-1,-1,-1
62,2,135.26,595.94,167.86,28.58,0.84,-1,-1,-1
62,1,863.42,470.97,367.45,311.23,0.86,-1,-1,-1
63,2,134.87,595.90,168.19,28.69,0.80,-1,-1,-1
63,1,863.31,469.13,367.36,312.56,0.84,-1,-1,-1
64,2,134.88,596.45,167.36,28.51,0.86,-1,-1,-1
64,1,863.51,471.15,365.29,312.16,0.85,-1,-1,-1
65,2,131.72,597.01,168.67,28.75,0.40,-1,-1,-1
65,1,861.37,472.23,366.55,314.81,0.81,-1,-1,-1
66,2,131.12,597.31,168.64,28.75,0.23,-1,-1,-1
66,1,856.53,462.24,375.87,325.71,0.64,-1,-1,-1
67,2,127.22,596.33,173.45,29.67,0.78,-1,-1,-1
67,1,860.02,470.42,365.68,318.43,0.89,-1,-1,-1
68,2,126.68,596.67,170.35,29.22,0.30,-1,-1,-1
68,1,862.23,468.54,364.89,319.08,0.84,-1,-1,-1
69,2,124.82,596.91,169.24,29.07,0.64,-1,-1,-1
69,1,863.80,470.94,361.26,316.94,0.90,-1,-1,-1
70,2,123.51,597.35,167.88,28.81,0.60,-1,-1,-1
70,1,857.37,458.05,371.38,328.27,0.42,-1,-1,-1
70,15,827.50,430.67,420.06,304.68,0.74,-1,-1,-1
71,2,120.98,596.38,172.57,29.74,0.64,-1,-1,-1
71,1,857.62,457.16,368.81,327.77,0.72,-1,-1,-1
72,2,120.17,596.73,171.22,29.50,0.25,-1,-1,-1
72,1,857.59,456.79,366.64,327.78,0.80,-1,-1,-1
73,2,120.28,597.34,168.25,28.90,0.68,-1,-1,-1
73,1,855.67,453.75,367.66,331.11,0.67,-1,-1,-1
74,2,118.20,597.30,170.31,29.27,0.68,-1,-1,-1
74,1,855.58,453.35,365.31,331.10,0.76,-1,-1,-1
75,2,115.88,598.03,168.99,29.05,0.67,-1,-1,-1
75,1,858.11,456.36,359.60,327.11,0.87,-1,-1,-1
76,2,114.18,597.56,169.02,28.96,0.60,-1,-1,-1
76,1,863.32,465.08,350.44,318.96,0.87,-1,-1,-1
77,2,112.37,597.57,171.74,29.39,0.71,-1,-1,-1
77,1,854.34,452.88,362.82,332.78,0.62,-1,-1,-1
77,15,832.91,436.06,399.23,298.86,0.31,-1,-1,-1
78,2,111.49,597.93,171.10,29.24,0.66,-1,-1,-1
78,1,854.04,449.72,363.74,335.79,0.59,-1,-1,-1
78,15,839.23,437.46,388.88,297.63,0.32,-1,-1,-1
79,2,109.23,598.20,171.18,29.20,0.82,-1,-1,-1
79,1,855.24,451.21,358.35,332.22,0.66,-1,-1,-1
80,2,105.95,598.06,173.91,29.67,0.78,-1,-1,-1
80,1,859.94,457.82,348.92,324.02,0.87,-1,-1,-1
81,2,104.69,597.93,173.77,29.67,0.78,-1,-1,-1
81,1,858.42,454.17,352.49,328.96,0.71,-1,-1,-1
81,15,851.03,446.93,364.14,281.54,0.72,-1,-1,-1
82,2,100.68,596.86,179.07,30.70,0.77,-1,-1,-1
82,1,857.46,451.57,353.64,331.37,0.60,-1,-1,-1
83,2,101.15,597.27,176.36,30.27,0.80,-1,-1,-1
83,1,857.54,451.83,352.25,331.56,0.74,-1,-1,-1
84,2,100.85,597.43,173.71,29.79,0.76,-1,-1,-1
84,1,856.47,448.63,353.30,334.01,0.37,-1,-1,-1
84,15,834.83,431.15,389.71,308.50,0.70,-1,-1,-1
85,2,96.47,596.77,177.97,30.59,0.72,-1,-1,-1
85,1,856.97,449.09,352.25,334.26,0.59,-1,-1,-1
85,15,840.00,431.51,381.03,306.02,0.21,-1,-1,-1
86,2,96.03,597.16,175.49,30.16,0.78,-1,-1,-1
86,1,855.05,448.16,352.51,335.95,0.66,-1,-1,-1
87,2,93.82,596.99,175.99,30.24,0.77,-1,-1,-1
87,1,855.65,446.97,351.03,335.91,0.54,-1,-1,-1
87,15,844.63,432.03,371.41,302.26,0.69,-1,-1,-1
88,2,90.55,596.46,178.90,30.79,0.74,-1,-1,-1
88,1,855.59,446.11,350.87,337.20,0.41,-1,-1,-1
88,15,843.24,429.17,374.76,309.40,0.39,-1,-1,-1
89,2,90.14,596.83,177.54,30.55,0.75,-1,-1,-1
89,1,857.06,451.22,346.47,333.52,0.69,-1,-1,-1
90,2,87.42,596.66,179.70,30.97,0.84,-1,-1,-1
90,1,856.84,450.56,346.19,334.00,0.70,-1,-1,-1
91,2,88.46,596.64,177.06,30.50,0.69,-1,-1,-1
91,1,860.67,457.75,338.80,326.39,0.77,-1,-1,-1
92,2,85.46,596.80,178.99,30.90,0.78,-1,-1,-1
92,1,858.91,454.86,341.36,329.46,0.76,-1,-1,-1
93,2,85.82,596.79,178.15,30.76,0.79,-1,-1,-1
93,1,856.81,450.51,344.20,333.03,0.48,-1,-1,-1
94,2,84.09,597.33,178.93,30.92,0.83,-1,-1,-1
94,1,858.27,453.17,340.47,329.67,0.78,-1,-1,-1
95,2,79.66,596.55,185.01,32.15,0.84,-1,-1,-1
95,1,857.72,452.73,340.92,330.43,0.73,-1,-1,-1
96,2,81.32,597.54,178.43,30.96,0.83,-1,-1,-1
96,1,855.50,447.96,345.30,335.84,0.46,-1,-1,-1
96,15,850.19,438.09,355.15,296.53,0.21,-1,-1,-1
97,2,74.97,596.04,187.88,32.82,0.86,-1,-1,-1
97,1,857.10,452.28,340.74,331.75,0.67,-1,-1,-1
98,2,74.22,596.69,185.02,32.35,0.83,-1,-1,-1
98,15,849.59,437.49,355.06,299.45,0.34,-1,-1,-1
99,2,72.50,596.98,185.89,32.58,0.82,-1,-1,-1
99,1,858.51,455.97,337.45,328.60,0.79,-1,-1,-1
100,2,73.17,597.64,182.20,31.91,0.84,-1,-1,-1
100,1,854.95,450.65,342.09,334.02,0.47,-1,-1,-1
101,2,72.68,597.98,179.39,31.40,0.80,-1,-1,-1
101,1,853.60,448.65,344.56,337.28,0.40,-1,-1,-1
101,15,855.17,447.62,338.98,286.22,0.47,-1,-1,-1
102,2,71.50,598.12,178.99,31.30,0.84,-1,-1,-1
102,1,858.44,460.12,333.47,325.25,0.88,-1,-1,-1
103,2,67.34,597.75,182.84,32.09,0.84,-1,-1,-1
103,1,859.37,461.81,332.70,323.81,0.90,-1,-1,-1
104,2,66.29,597.85,181.59,31.89,0.86,-1,-1,-1
104,1,854.96,453.45,340.55,332.10,0.56,-1,-1,-1
105,2,65.69,598.31,179.41,31.49,0.86,-1,-1,-1
105,1,853.98,450.15,341.65,333.67,0.60,-1,-1,-1
106,2,65.67,598.35,178.51,31.31,0.88,-1,-1,-1
106,1,852.96,447.80,343.27,336.17,0.76,-1,-1,-1
107,2,63.46,598.20,179.30,31.39,0.86,-1,-1,-1
107,1,856.63,454.44,337.22,329.82,0.88,-1,-1,-1
108,2,59.72,597.60,181.99,31.91,0.85,-1,-1,-1
108,1,854.58,450.01,340.47,333.60,0.73,-1,-1,-1
109,2,58.89,597.65,180.95,31.67,0.86,-1,-1,-1
109,1,852.75,446.77,343.82,337.74,0.62,-1,-1,-1
110,2,61.15,598.29,176.31,30.72,0.87,-1,-1,-1
110,1,861.41,464.07,327.40,319.60,0.94,-1,-1,-1
111,2,60.16,598.01,176.92,30.77,0.86,-1,-1,-1
111,1,856.68,456.75,336.31,328.53,0.84,-1,-1,-1
112,2,60.15,598.62,174.38,30.18,0.85,-1,-1,-1
112,1,854.39,451.15,341.50,334.59,0.78,-1,-1,-1
112,25,0.02,548.42,26.60,16.69,0.21,-1,-1,-1
113,2,58.59,598.95,173.99,29.98,0.86,-1,-1,-1
113,1,855.94,454.57,337.81,330.83,0.90,-1,-1,-1
114,2,57.19,598.69,173.96,29.84,0.84,-1,-1,-1
114,1,853.19,449.95,341.19,334.96,0.77,-1,-1,-1
115,2,54.66,599.30,176.05,30.07,0.81,-1,-1,-1
115,1,855.13,453.21,336.09,329.79,0.89,-1,-1,-1
116,2,56.31,599.98,169.46,28.68,0.66,-1,-1,-1
116,1,853.35,448.68,340.07,334.46,0.66,-1,-1,-1
117,2,53.16,600.63,171.16,28.82,0.83,-1,-1,-1
117,1,852.66,447.13,340.76,335.80,0.73,-1,-1,-1
118,2,49.61,600.55,173.27,29.08,0.82,-1,-1,-1
118,1,852.26,447.21,340.72,336.44,0.73,-1,-1,-1
119,2,46.30,600.35,176.05,29.48,0.86,-1,-1,-1
119,1,852.27,445.96,340.14,336.48,0.75,-1,-1,-1
120,2,43.38,600.41,177.59,29.64,0.84,-1,-1,-1
120,1,851.74,444.43,340.28,337.45,0.60,-1,-1,-1
121,2,39.53,599.75,182.62,30.51,0.86,-1,-1,-1
121,1,852.26,444.54,340.18,338.02,0.64,-1,-1,-1
122,2,40.06,600.35,178.36,29.65,0.86,-1,-1,-1
122,1,853.28,446.35,339.00,336.99,0.75,-1,-1,-1
123,2,36.76,599.71,182.75,30.41,0.88,-1,-1,-1
123,1,853.61,445.75,338.28,336.68,0.62,-1,-1,-1
124,2,37.44,600.15,179.92,29.83,0.87,-1,-1,-1
124,1,852.56,444.17,341.18,340.28,0.63,-1,-1,-1
125,2,34.17,599.56,183.59,30.47,0.85,-1,-1,-1
125,1,853.04,444.87,340.43,339.85,0.55,-1,-1,-1
126,2,34.08,600.02,180.79,29.93,0.89,-1,-1,-1
126,1,853.18,446.29,339.05,339.00,0.69,-1,-1,-1
127,2,33.38,600.21,180.37,29.79,0.86,-1,-1,-1
127,1,851.72,443.95,341.10,341.87,0.25,-1,-1,-1
128,2,34.39,600.54,176.52,28.99,0.86,-1,-1,-1
128,1,851.81,444.54,342.26,343.51,0.53,-1,-1,-1
129,2,32.77,600.53,177.12,28.99,0.85,-1,-1,-1
129,1,853.22,445.54,339.38,340.78,0.52,-1,-1,-1
130,2,30.47,600.17,179.32,29.30,0.86,-1,-1,-1
130,1,852.66,446.13,341.09,343.24,0.69,-1,-1,-1
131,2,27.96,599.91,180.95,29.55,0.81,-1,-1,-1
131,1,855.25,452.10,335.41,337.10,0.90,-1,-1,-1
132,2,20.91,599.48,189.81,31.13,0.68,-1,-1,-1
132,1,854.72,450.80,335.66,337.44,0.86,-1,-1,-1
133,2,14.72,598.85,195.98,32.30,0.65,-1,-1,-1
133,1,854.13,448.69,336.81,338.69,0.76,-1,-1,-1
133,25,16.36,546.75,44.26,23.49,0.20,-1,-1,-1
134,2,14.19,599.25,193.34,31.85,0.53,-1,-1,-1
134,1,853.55,446.76,337.80,340.35,0.75,-1,-1,-1
135,2,14.77,600.18,188.65,31.01,0.55,-1,-1,-1
135,1,853.59,446.92,336.56,339.72,0.79,-1,-1,-1
135,25,16.76,547.47,50.08,23.16,0.27,-1,-1,-1
136,2,11.88,599.90,191.52,31.51,0.60,-1,-1,-1
136,1,854.52,448.17,333.58,337.14,0.79,-1,-1,-1
137,2,10.14,600.06,190.83,31.33,0.63,-1,-1,-1
137,1,855.68,450.68,332.40,336.11,0.85,-1,-1,-1
138,2,8.73,600.32,189.70,31.12,0.53,-1,-1,-1
138,1,855.41,450.25,332.08,336.13,0.81,-1,-1,-1
139,2,7.48,600.33,189.52,31.08,0.65,-1,-1,-1
139,1,855.86,451.31,330.54,334.17,0.85,-1,-1,-1
140,2,5.58,600.36,189.18,31.04,0.54,-1,-1,-1
140,1,852.97,445.26,336.27,340.35,0.37,-1,-1,-1
141,2,5.30,600.54,188.40,30.92,0.44,-1,-1,-1
141,1,853.67,445.25,334.38,338.78,0.79,-1,-1,-1
142,2,5.15,601.06,186.35,30.55,0.33,-1,-1,-1
142,1,853.03,445.44,333.55,338.37,0.75,-1,-1,-1
143,2,4.18,600.88,186.34,30.53,0.24,-1,-1,-1
143,1,854.17,448.37,330.69,334.92,0.79,-1,-1,-1
144,1,852.01,444.27,334.05,339.09,0.60,-1,-1,-1
145,1,851.46,443.98,334.15,339.64,0.74,-1,-1,-1
145,2,2.90,601.16,186.48,30.51,0.22,-1,-1,-1
146,1,853.72,450.52,328.86,333.55,0.90,-1,-1,-1
146,2,4.34,601.77,181.53,29.60,0.33,-1,-1,-1
146,25,48.65,552.24,51.78,20.37,0.23,-1,-1,-1
147,1,851.69,446.98,333.32,338.29,0.65,-1,-1,-1
147,2,2.40,601.79,182.40,29.73,0.22,-1,-1,-1
148,1,854.08,453.71,326.93,330.87,0.92,-1,-1,-1
148,2,0.95,601.52,184.15,30.06,0.23,-1,-1,-1
149,1,852.51,449.96,329.90,333.91,0.78,-1,-1,-1
149,2,3.74,602.00,176.87,28.77,0.38,-1,-1,-1
150,1,851.78,447.53,331.85,335.87,0.69,-1,-1,-1
150,2,2.64,601.57,178.48,29.12,0.44,-1,-1,-1
151,1,856.15,455.35,325.19,328.22,0.91,-1,-1,-1
151,2,1.00,600.81,179.82,29.52,0.60,-1,-1,-1
152,1,853.91,450.55,329.23,332.63,0.82,-1,-1,-1
152,2,3.06,601.27,175.98,28.97,0.55,-1,-1,-1
153,1,853.99,449.34,329.95,333.66,0.79,-1,-1,-1
153,2,3.14,601.49,175.62,29.02,0.75,-1,-1,-1
154,1,854.00,448.37,330.31,334.82,0.79,-1,-1,-1
154,2,-2.20,600.12,184.32,30.81,0.30,-1,-1,-1
155,1,855.80,453.19,326.16,330.30,0.88,-1,-1,-1
155,2,-4.53,600.01,185.23,31.29,0.46,-1,-1,-1
156,1,854.43,450.17,328.38,333.11,0.81,-1,-1,-1
156,2,-1.80,601.39,177.11,30.01,0.29,-1,-1,-1
157,1,854.21,449.45,328.31,333.19,0.80,-1,-1,-1
157,2,-2.36,601.22,177.27,30.22,0.23,-1,-1,-1
158,1,854.00,450.73,327.62,332.28,0.85,-1,-1,-1
158,2,-0.97,602.07,172.82,29.57,0.44,-1,-1,-1
159,1,851.70,447.70,330.70,335.75,0.79,-1,-1,-1
159,2,-2.57,601.95,173.66,29.90,0.33,-1,-1,-1
160,1,850.86,447.60,330.92,336.00,0.84,-1,-1,-1
160,2,-4.18,601.30,175.70,30.49,0.38,-1,-1,-1
161,1,851.22,449.51,329.10,333.86,0.82,-1,-1,-1
161,2,-3.01,602.03,171.88,29.94,0.52,-1,-1,-1
162,1,852.87,453.10,325.98,330.01,0.90,-1,-1,-1
162,2,-1.79,602.73,167.48,29.25,0.67,-1,-1,-1
163,1,853.55,453.29,325.83,329.45,0.90,-1,-1,-1
163,2,-2.01,602.40,167.60,29.41,0.36,-1,-1,-1
164,1,852.02,451.04,327.84,331.40,0.86,-1,-1,-1
164,2,-2.16,602.58,165.94,29.24,0.53,-1,-1,-1
165,1,853.03,452.14,326.57,329.74,0.88,-1,-1,-1
165,2,-2.49,602.54,165.75,29.33,0.47,-1,-1,-1
166,1,852.10,449.93,328.56,331.64,0.84,-1,-1,-1
166,2,-2.29,602.81,163.33,29.01,0.69,-1,-1,-1
167,1,851.13,448.93,329.54,332.41,0.87,-1,-1,-1
167,2,-2.19,602.99,160.65,28.63,0.72,-1,-1,-1
168,1,851.33,448.58,329.72,332.48,0.87,-1,-1,-1
168,2,-2.03,602.99,160.73,28.75,0.64,-1,-1,-1
169,1,850.93,447.32,330.51,333.18,0.87,-1,-1,-1
169,2,-1.96,603.25,158.09,28.37,0.71,-1,-1,-1
170,1,851.45,447.30,330.44,333.10,0.82,-1,-1,-1
170,2,-1.60,603.25,157.03,28.28,0.70,-1,-1,-1
171,1,849.67,445.84,332.16,334.61,0.21,-1,-1,-1
171,2,-7.26,602.18,165.29,30.16,0.76,-1,-1,-1
172,1,850.39,447.19,332.25,334.59,0.84,-1,-1,-1
172,2,-6.50,602.33,161.71,29.73,0.76,-1,-1,-1
173,1,848.30,444.23,335.17,337.80,0.73,-1,-1,-1
173,2,-5.66,602.97,158.06,29.27,0.83,-1,-1,-1
174,1,848.56,444.74,334.24,336.79,0.66,-1,-1,-1
174,2,-4.26,603.29,154.01,28.67,0.83,-1,-1,-1
175,1,848.53,445.01,334.48,337.21,0.82,-1,-1,-1
175,2,-4.74,603.12,153.66,28.81,0.82,-1,-1,-1
176,1,848.74,444.98,335.06,338.12,0.80,-1,-1,-1
176,2,-3.75,603.19,149.87,28.25,0.86,-1,-1,-1
177,1,849.44,445.09,334.46,337.87,0.67,-1,-1,-1
177,2,-4.13,603.08,149.68,28.41,0.85,-1,-1,-1
178,1,849.71,446.07,333.57,337.00,0.73,-1,-1,-1
178,2,-2.07,603.52,144.58,27.49,0.85,-1,-1,-1
179,1,850.06,444.24,335.00,339.27,0.68,-1,-1,-1
179,2,-1.23,603.93,141.86,27.02,0.76,-1,-1,-1
180,1,848.89,442.85,336.35,341.14,0.59,-1,-1,-1
180,2,-1.00,603.93,140.38,26.79,0.88,-1,-1,-1
181,1,851.01,446.62,332.46,337.15,0.80,-1,-1,-1
181,2,-3.07,604.18,143.90,27.72,0.52,-1,-1,-1
182,1,850.27,446.24,333.06,337.78,0.77,-1,-1,-1
182,2,-4.66,604.13,144.06,28.07,0.47,-1,-1,-1
183,1,850.92,446.21,333.06,338.04,0.71,-1,-1,-1
183,2,-5.38,603.98,142.65,28.14,0.63,-1,-1,-1
184,1,849.81,444.09,334.85,340.18,0.75,-1,-1,-1
184,2,-5.06,604.16,139.67,27.83,0.58,-1,-1,-1
185,1,849.43,443.80,335.67,341.38,0.69,-1,-1,-1
185,2,-2.90,604.63,135.49,27.18,0.71,-1,-1,-1
186,1,849.32,443.10,336.33,342.92,0.75,-1,-1,-1
186,2,-3.23,604.52,134.44,27.24,0.75,-1,-1,-1
187,1,850.59,444.00,334.72,341.86,0.80,-1,-1,-1
187,2,-2.25,605.04,130.07,26.54,0.57,-1,-1,-1
188,1,850.08,445.68,333.90,341.21,0.83,-1,-1,-1
188,2,-1.77,605.35,127.05,26.09,0.79,-1,-1,-1
189,1,849.83,444.83,333.91,341.80,0.83,-1,-1,-1
189,2,-2.07,605.17,126.99,26.27,0.74,-1,-1,-1
190,1,851.29,447.94,331.59,339.53,0.81,-1,-1,-1
190,2,-2.61,604.98,126.47,26.42,0.75,-1,-1,-1
191,1,850.14,447.78,332.55,340.49,0.76,-1,-1,-1
191,2,-3.56,604.54,127.62,26.93,0.71,-1,-1,-1
192,1,851.75,450.88,329.21,336.54,0.82,-1,-1,-1
192,2,-1.85,605.40,123.63,26.23,0.75,-1,-1,-1
193,1,849.66,444.31,335.84,343.93,0.83,-1,-1,-1
193,2,-2.40,605.47,123.09,26.33,0.74,-1,-1,-1
194,1,848.99,442.74,337.22,345.91,0.68,-1,-1,-1
194,2,-2.18,605.51,121.21,26.10,0.70,-1,-1,-1
195,1,849.00,442.80,336.82,345.73,0.39,-1,-1,-1
195,2,-1.24,605.31,118.99,25.77,0.75,-1,-1,-1
195,37,851.62,446.39,329.69,340.45,0.47,-1,-1,-1
196,2,-0.33,605.58,116.39,25.32,0.76,-1,-1,-1
197,2,-0.74,605.89,115.46,25.25,0.63,-1,-1,-1
197,1,848.33,444.44,335.96,345.05,0.42,-1,-1,-1
198,2,-2.14,605.73,115.36,25.43,0.76,-1,-1,-1
198,1,850.02,444.46,335.05,344.65,0.84,-1,-1,-1
199,2,-2.60,605.20,114.76,25.50,0.83,-1,-1,-1
199,1,849.90,443.72,334.08,343.86,0.67,-1,-1,-1
200,2,-1.74,605.64,111.60,24.93,0.76,-1,-1,-1
200,1,851.11,444.22,333.18,343.22,0.71,-1,-1,-1
201,2,-1.23,605.96,109.77,24.67,0.74,-1,-1,-1
201,1,850.57,442.48,334.89,345.36,0.70,-1,-1,-1
202,2,-1.47,606.14,109.13,24.68,0.80,-1,-1,-1
202,1,849.95,441.83,335.16,345.99,0.78,-1,-1,-1
203,2,-1.67,605.91,107.87,24.58,0.79,-1,-1,-1
203,1,849.86,442.07,334.37,345.02,0.35,-1,-1,-1
204,2,-4.61,605.47,110.33,25.46,0.73,-1,-1,-1
204,1,851.76,447.08,330.07,339.99,0.81,-1,-1,-1
205,2,-6.21,605.27,111.67,26.14,0.68,-1,-1,-1
205,1,850.86,446.38,331.96,342.01,0.81,-1,-1,-1
206,2,-5.42,605.58,108.19,25.60,0.78,-1,-1,-1
206,1,849.61,443.87,334.20,344.71,0.64,-1,-1,-1
207,2,-4.99,605.59,106.37,25.43,0.76,-1,-1,-1
207,1,849.34,443.20,335.24,346.04,0.71,-1,-1,-1
208,2,-2.84,606.31,101.90,24.52,0.78,-1,-1,-1
208,1,849.63,445.14,334.25,345.27,0.83,-1,-1,-1
209,2,-3.25,606.05,100.73,24.45,0.71,-1,-1,-1
209,1,847.95,442.65,337.52,349.23,0.67,-1,-1,-1
210,2,-3.20,606.08,99.07,24.24,0.68,-1,-1,-1
210,1,847.53,442.07,338.22,350.16,0.76,-1,-1,-1
211,2,-2.16,606.45,96.05,23.64,0.75,-1,-1,-1
211,1,848.86,440.88,337.59,349.73,0.65,-1,-1,-1
212,2,-2.69,606.45,95.49,23.72,0.79,-1,-1,-1
212,1,847.90,440.20,338.64,351.36,0.49,-1,-1,-1
213,2,-1.68,607.16,91.53,22.86,0.68,-1,-1,-1
213,1,848.16,441.50,337.34,350.20,0.71,-1,-1,-1
214,2,-1.99,607.35,90.48,22.75,0.71,-1,-1,-1
214,1,848.62,440.98,336.41,349.55,0.62,-1,-1,-1
215,2,-2.98,607.13,89.75,22.80,0.70,-1,-1,-1
215,1,847.29,441.37,338.00,351.68,0.66,-1,-1,-1
216,2,-2.62,607.38,88.44,22.66,0.59,-1,-1,-1
216,1,847.67,443.04,336.91,350.51,0.75,-1,-1,-1
216,42,1882.00,522.80,38.84,16.93,0.24,-1,-1,-1
217,2,-2.19,607.99,85.88,22.19,0.60,-1,-1,-1
217,1,846.79,442.25,338.36,352.39,0.76,-1,-1,-1
217,42,1883.76,523.95,33.96,14.76,0.46,-1,-1,-1
218,2,-4.07,607.14,87.59,22.96,0.71,-1,-1,-1
218,1,845.67,441.96,339.42,353.77,0.77,-1,-1,-1
218,42,1879.62,522.98,35.46,15.31,0.45,-1,-1,-1
219,2,-3.04,607.97,83.81,22.18,0.70,-1,-1,-1
219,1,846.61,443.63,337.19,351.28,0.76,-1,-1,-1
219,42,1878.30,522.24,36.49,15.61,0.45,-1,-1,-1
220,2,-3.66,608.26,82.44,22.08,0.67,-1,-1,-1
220,1,847.39,442.77,335.33,349.11,0.75,-1,-1,-1
220,42,1878.68,522.64,36.20,15.32,0.51,-1,-1,-1
221,2,-3.59,608.33,80.93,21.91,0.66,-1,-1,-1
221,1,847.66,443.31,335.74,349.02,0.75,-1,-1,-1
221,42,1875.45,520.79,39.25,16.42,0.44,-1,-1,-1
222,2,-3.05,608.86,77.61,21.21,0.71,-1,-1,-1
222,1,848.57,444.21,333.87,346.36,0.64,-1,-1,-1
222,42,1874.98,520.70,39.76,16.41,0.49,-1,-1,-1
223,2,-1.87,609.29,74.52,20.51,0.69,-1,-1,-1
223,1,848.42,442.95,334.77,346.86,0.62,-1,-1,-1
223,42,1873.44,520.16,42.29,17.31,0.38,-1,-1,-1
224,2,-2.83,609.22,73.63,20.49,0.76,-1,-1,-1
224,1,848.64,442.28,334.58,346.21,0.57,-1,-1,-1
224,42,1872.16,518.03,46.42,19.08,0.35,-1,-1,-1
225,2,-3.64,609.48,72.67,20.52,0.71,-1,-1,-1
225,1,848.81,441.46,334.99,346.24,0.25,-1,-1,-1
225,42,1868.54,518.50,46.41,18.59,0.30,-1,-1,-1
226,2,-3.35,609.79,70.42,20.14,0.65,-1,-1,-1
226,42,1867.45,518.94,46.04,17.94,0.36,-1,-1,-1
227,2,-3.69,610.11,69.16,20.06,0.58,-1,-1,-1
227,42,1866.22,519.11,46.81,17.75,0.53,-1,-1,-1
227,1,850.17,443.93,332.98,343.47,0.69,-1,-1,-1
228,2,-3.32,610.85,65.78,19.31,0.55,-1,-1,-1
228,42,1867.21,519.29,46.66,17.31,0.62,-1,-1,-1
228,1,850.21,444.92,332.40,342.14,0.61,-1,-1,-1
229,2,-1.76,611.24,61.82,18.29,0.50,-1,-1,-1
229,42,1863.93,518.90,49.37,17.84,0.54,-1,-1,-1
229,1,850.11,445.11,332.61,341.69,0.28,-1,-1,-1
230,2,-3.08,610.64,63.17,18.98,0.49,-1,-1,-1
231,2,-4.67,610.39,64.42,19.80,0.54,-1,-1,-1
231,42,1879.24,522.36,42.61,15.89,0.26,-1,-1,-1
231,1,846.46,440.08,338.44,347.39,0.31,-1,-1,-1
232,2,-6.13,610.21,63.70,20.07,0.52,-1,-1,-1
232,1,844.50,437.06,341.92,351.26,0.35,-1,-1,-1
233,2,-6.32,610.51,61.92,19.96,0.67,-1,-1,-1
233,1,845.70,442.58,338.81,347.78,0.41,-1,-1,-1
234,2,-8.06,609.41,63.49,21.10,0.61,-1,-1,-1
235,2,-7.57,609.38,61.36,20.95,0.57,-1,-1,-1
235,42,1860.29,519.59,51.23,18.18,0.36,-1,-1,-1
235,1,845.90,440.11,339.27,348.01,0.41,-1,-1,-1
236,2,-7.80,609.30,60.13,21.13,0.73,-1,-1,-1
236,42,1855.50,519.31,56.07,19.15,0.21,-1,-1,-1
236,1,845.12,442.13,338.75,347.43,0.37,-1,-1,-1
237,2,-6.01,610.13,54.54,19.59,0.68,-1,-1,-1
237,42,1862.31,520.12,54.74,18.86,0.27,-1,-1,-1
237,1,841.78,434.59,345.27,354.69,0.55,-1,-1,-1
238,2,-5.41,610.60,51.34,18.88,0.64,-1,-1,-1
238,1,842.47,434.29,344.52,354.15,0.89,-1,-1,-1
239,2,-6.31,610.24,51.09,19.35,0.64,-1,-1,-1
239,1,841.38,431.76,345.86,355.92,0.84,-1,-1,-1
240,2,-8.01,609.69,51.05,20.08,0.58,-1,-1,-1
240,1,841.44,430.75,346.31,357.04,0.82,-1,-1,-1
241,2,-9.05,609.38,50.14,20.54,0.39,-1,-1,-1
241,1,844.18,439.23,338.51,347.82,0.76,-1,-1,-1
241,42,1871.49,520.07,52.67,18.81,0.23,-1,-1,-1
242,2,-7.61,610.94,45.30,19.21,0.27,-1,-1,-1
242,1,842.24,436.59,341.39,350.89,0.82,-1,-1,-1
242,42,1874.59,521.03,46.74,16.83,0.29,-1,-1,-1
243,2,-6.05,613.04,39.18,17.17,0.22,-1,-1,-1
243,1,842.25,438.04,340.77,349.64,0.71,-1,-1,-1
244,2,-7.79,612.31,39.70,18.22,0.32,-1,-1,-1
244,1,840.26,436.03,343.46,352.26,0.37,-1,-1,-1
245,2,-7.91,612.44,37.75,18.14,0.23,-1,-1,-1
245,1,841.39,441.97,339.80,347.80,0.44,-1,-1,-1
246,2,-9.28,610.96,38.80,19.66,0.34,-1,-1,-1
246,1,841.08,445.33,339.68,347.13,0.45,-1,-1,-1
247,2,-8.37,611.60,36.24,19.23,0.24,-1,-1,-1
247,1,840.13,445.62,340.30,347.32,0.70,-1,-1,-1
248,1,838.82,443.08,341.97,348.90,0.42,-1,-1,-1
249,1,840.17,444.35,340.84,347.24,0.21,-1,-1,-1
250,1,838.58,442.09,343.53,350.28,0.31,-1,-1,-1
250,44,848.45,429.16,324.05,321.99,0.47,-1,-1,-1
251,1,842.05,451.42,337.48,343.24,0.81,-1,-1,-1
252,1,840.78,449.50,339.90,345.61,0.77,-1,-1,-1
253,1,840.32,448.58,340.20,345.85,0.73,-1,-1,-1
254,1,838.53,445.96,341.82,347.61,0.69,-1,-1,-1
255,1,838.51,445.69,340.65,346.21,0.63,-1,-1,-1
256,1,840.35,452.56,335.65,340.10,0.84,-1,-1,-1
257,1,838.85,449.68,339.26,343.60,0.43,-1,-1,-1
258,1,838.67,450.16,340.55,344.70,0.82,-1,-1,-1
258,44,864.97,438.84,287.83,281.84,0.54,-1,-1,-1
259,1,836.18,447.25,344.06,348.49,0.46,-1,-1,-1
259,44,861.75,436.07,293.85,284.40,0.43,-1,-1,-1
260,1,836.48,448.22,342.47,346.80,0.62,-1,-1,-1
261,1,835.87,448.65,343.07,347.37,0.71,-1,-1,-1
262,1,836.09,447.73,342.73,346.95,0.44,-1,-1,-1
262,44,859.62,435.82,298.38,284.91,0.25,-1,-1,-1
263,44,856.73,435.67,303.83,286.89,0.31,-1,-1,-1
264,44,852.44,430.82,311.73,292.06,0.55,-1,-1,-1
264,48,1316.76,474.88,43.16,12.77,0.22,-1,-1,-1
265,48,1316.41,474.47,43.91,12.99,0.35,-1,-1,-1
265,1,836.32,448.45,341.47,345.37,0.57,-1,-1,-1
266,49,430.27,548.64,39.61,17.78,0.21,-1,-1,-1
266,1,835.23,448.50,342.12,345.72,0.42,-1,-1,-1
266,44,849.03,428.33,316.68,294.50,0.35,-1,-1,-1
267,49,428.93,547.55,42.23,18.96,0.57,-1,-1,-1
267,1,835.07,450.32,341.59,344.51,0.49,-1,-1,-1
268,1,830.31,439.10,350.66,354.41,0.37,-1,-1,-1
269,1,834.25,448.35,343.67,346.67,0.56,-1,-1,-1
270,1,830.78,439.31,350.30,353.92,0.40,-1,-1,-1
270,44,850.74,435.45,313.96,288.51,0.49,-1,-1,-1
271,44,849.06,433.76,316.97,288.97,0.27,-1,-1,-1
271,49,423.91,550.54,36.86,16.34,0.48,-1,-1,-1
272,44,847.95,433.20,318.01,287.41,0.54,-1,-1,-1
272,1,831.56,446.86,347.34,350.86,0.22,-1,-1,-1
273,44,847.39,435.59,318.78,285.74,0.31,-1,-1,-1
273,1,835.69,441.27,346.38,350.03,0.57,-1,-1,-1
274,44,843.22,431.76,325.56,290.66,0.26,-1,-1,-1
274,1,834.98,436.40,348.97,353.32,0.23,-1,-1,-1
275,44,840.17,424.99,331.66,295.58,0.45,-1,-1,-1
275,1,832.09,445.71,347.20,351.25,0.31,-1,-1,-1
275,49,415.49,554.31,30.86,13.13,0.34,-1,-1,-1
276,44,843.53,433.84,324.06,286.72,0.63,-1,-1,-1
276,50,1749.42,515.24,72.96,16.96,0.63,-1,-1,-1
277,44,839.98,428.50,330.58,291.88,0.60,-1,-1,-1
277,50,1747.58,514.49,76.40,17.74,0.64,-1,-1,-1
277,49,409.33,547.39,46.36,19.84,0.79,-1,-1,-1
278,50,1739.55,513.47,79.97,18.63,0.45,-1,-1,-1
278,49,405.69,550.59,41.56,17.56,0.70,-1,-1,-1
279,50,1739.78,515.35,78.68,18.31,0.51,-1,-1,-1
279,49,407.09,550.47,40.61,17.00,0.69,-1,-1,-1
279,44,841.91,434.28,328.25,288.41,0.46,-1,-1,-1
280,50,1741.51,515.22,77.95,18.09,0.80,-1,-1,-1
280,49,406.39,550.78,40.52,16.75,0.65,-1,-1,-1
280,44,841.53,435.69,327.28,286.39,0.62,-1,-1,-1
281,49,405.67,551.17,41.02,16.84,0.55,-1,-1,-1
281,44,844.26,438.36,322.28,280.11,0.78,-1,-1,-1
282,49,404.29,549.73,42.42,17.21,0.40,-1,-1,-1
282,44,837.16,430.32,334.74,291.30,0.74,-1,-1,-1
283,49,402.81,550.50,38.53,15.89,0.41,-1,-1,-1
283,44,840.02,435.67,329.81,285.91,0.76,-1,-1,-1
283,50,1732.00,517.35,78.66,18.48,0.29,-1,-1,-1
284,49,400.50,549.69,41.27,17.20,0.49,-1,-1,-1
284,44,840.76,437.66,327.72,282.76,0.80,-1,-1,-1
284,50,1729.95,517.18,72.00,16.85,0.32,-1,-1,-1
285,49,398.55,550.85,38.73,15.60,0.63,-1,-1,-1
285,44,838.89,436.48,332.12,285.94,0.80,-1,-1,-1
286,49,396.35,549.11,45.12,18.37,0.73,-1,-1,-1
286,44,831.93,428.37,344.70,297.42,0.57,-1,-1,-1
287,49,395.22,549.80,44.06,17.98,0.56,-1,-1,-1
287,44,834.38,433.08,340.99,293.79,0.83,-1,-1,-1
287,50,1727.82,517.47,67.41,15.69,0.28,-1,-1,-1
288,49,396.56,549.70,47.05,18.71,0.70,-1,-1,-1
288,44,834.61,435.91,339.71,292.21,0.64,-1,-1,-1
288,50,1721.12,519.43,65.08,15.12,0.66,-1,-1,-1
289,44,830.28,432.48,349.11,301.28,0.63,-1,-1,-1
289,50,1717.52,519.28,67.21,15.53,0.54,-1,-1,-1
290,44,832.15,433.08,344.44,297.06,0.82,-1,-1,-1
290,50,1716.15,517.23,71.31,16.45,0.48,-1,-1,-1
290,49,392.53,548.23,47.18,19.04,0.57,-1,-1,-1
291,50,1716.16,515.78,73.26,16.89,0.22,-1,-1,-1
291,1,837.92,452.33,334.00,333.13,0.89,-1,-1,-1
292,44,833.32,437.28,341.08,293.58,0.71,-1,-1,-1
293,44,833.56,436.31,339.23,291.19,0.80,-1,-1,-1
294,44,833.34,438.00,339.03,290.27,0.68,-1,-1,-1
294,49,378.03,546.11,51.26,21.07,0.72,-1,-1,-1
295,44,836.07,439.73,334.91,285.27,0.83,-1,-1,-1
295,49,378.53,548.34,46.99,19.37,0.75,-1,-1,-1
296,44,833.80,438.67,338.83,287.84,0.80,-1,-1,-1
296,49,378.75,550.26,41.82,17.38,0.54,-1,-1,-1
296,50,1708.45,514.92,75.18,17.18,0.29,-1,-1,-1
297,44,824.38,429.06,355.41,303.18,0.47,-1,-1,-1
297,50,1708.58,514.20,79.10,17.73,0.21,-1,-1,-1
298,1,829.41,443.23,349.70,346.22,0.90,-1,-1,-1
298,49,376.22,551.02,39.21,15.99,0.33,-1,-1,-1
299,1,827.66,443.51,351.60,346.17,0.91,-1,-1,-1
299,49,372.29,551.72,39.67,15.73,0.27,-1,-1,-1
300,49,370.90,552.23,40.12,15.52,0.51,-1,-1,-1
300,44,825.25,434.02,351.53,299.53,0.83,-1,-1,-1
301,49,364.64,547.40,51.65,20.49,0.60,-1,-1,-1
301,44,827.05,437.73,349.54,297.16,0.39,-1,-1,-1
301,1,825.15,440.76,356.79,350.47,0.46,-1,-1,-1
302,49,365.17,543.78,59.59,24.59,0.34,-1,-1,-1
302,44,816.82,424.01,369.12,316.10,0.31,-1,-1,-1
302,1,820.37,447.50,354.30,345.97,0.39,-1,-1,-1
302,50,1699.89,512.06,87.43,19.39,0.22,-1,-1,-1
303,44,821.77,429.86,359.59,307.48,0.45,-1,-1,-1
303,1,820.57,440.16,361.52,352.87,0.29,-1,-1,-1
303,50,1694.14,513.38,85.28,18.88,0.51,-1,-1,-1
304,44,823.69,433.01,356.12,304.19,0.62,-1,-1,-1
304,1,817.88,446.87,359.72,350.11,0.27,-1,-1,-1
304,52,1590.56,442.79,60.38,37.15,0.45,-1,-1,-1
304,49,358.35,549.86,43.97,18.85,0.20,-1,-1,-1
305,44,806.81,434.29,393.54,340.63,0.38,-1,-1,-1
305,1,815.44,450.24,361.45,351.06,0.34,-1,-1,-1
305,52,1591.00,443.16,57.68,35.45,0.35,-1,-1,-1
305,50,1687.76,513.69,74.52,16.54,0.50,-1,-1,-1
306,44,819.22,434.04,366.84,316.27,0.25,-1,-1,-1
306,1,814.64,451.00,360.82,349.70,0.48,-1,-1,-1
306,49,368.68,546.08,44.01,19.63,0.23,-1,-1,-1
307,44,828.27,438.53,348.27,298.15,0.70,-1,-1,-1
307,1,812.56,451.77,363.51,352.01,0.33,-1,-1,-1
307,53,1205.41,469.80,69.85,15.40,0.38,-1,-1,-1
307,50,1685.98,513.93,75.20,16.62,0.31,-1,-1,-1
308,44,825.41,434.36,351.21,300.05,0.37,-1,-1,-1
308,1,815.10,441.65,368.04,356.75,0.23,-1,-1,-1
308,53,1202.33,470.74,66.15,14.62,0.44,-1,-1,-1
309,44,820.70,426.76,361.02,309.06,0.65,-1,-1,-1
309,1,811.48,443.06,367.66,356.37,0.22,-1,-1,-1
309,53,1194.09,471.60,67.13,14.86,0.56,-1,-1,-1
309,50,1680.53,514.11,72.49,16.18,0.50,-1,-1,-1
310,44,823.58,432.62,353.69,301.84,0.68,-1,-1,-1
310,1,813.57,449.38,360.15,347.81,0.40,-1,-1,-1
310,53,1192.80,471.14,68.36,15.15,0.35,-1,-1,-1
310,50,1682.11,513.10,77.47,17.20,0.25,-1,-1,-1
311,44,804.90,433.94,393.65,340.07,0.58,-1,-1,-1
311,1,813.73,452.89,358.06,344.45,0.37,-1,-1,-1
312,44,800.73,435.82,403.23,351.83,0.42,-1,-1,-1
312,1,813.98,453.81,357.83,342.93,0.33,-1,-1,-1
312,53,1191.99,471.25,66.79,14.82,0.29,-1,-1,-1
312,50,1674.27,514.82,75.97,16.99,0.42,-1,-1,-1
313,44,799.19,434.69,407.80,359.29,0.29,-1,-1,-1
313,1,814.24,454.18,359.16,343.05,0.59,-1,-1,-1
314,44,802.27,439.00,401.70,356.08,0.67,-1,-1,-1
314,1,815.36,457.95,356.81,338.94,0.62,-1,-1,-1
314,53,1194.05,471.64,65.51,14.58,0.36,-1,-1,-1
315,44,800.69,434.78,404.37,361.25,0.24,-1,-1,-1
315,1,811.85,453.28,362.71,343.74,0.32,-1,-1,-1
316,1,815.74,447.17,367.68,347.81,0.86,-1,-1,-1
317,1,815.91,442.11,370.69,350.11,0.77,-1,-1,-1
318,1,818.31,444.90,367.01,345.22,0.77,-1,-1,-1
318,50,1664.51,512.59,73.77,16.55,0.29,-1,-1,-1
319,1,814.65,437.52,375.05,352.71,0.30,-1,-1,-1
319,49,338.26,542.39,54.67,25.75,0.31,-1,-1,-1
320,1,812.47,435.30,378.46,355.96,0.36,-1,-1,-1
320,56,804.15,456.80,375.98,335.16,0.64,-1,-1,-1
320,50,1657.31,511.60,80.09,17.58,0.36,-1,-1,-1
321,1,811.70,435.86,379.94,357.41,0.69,-1,-1,-1
321,56,803.42,456.64,376.01,335.18,0.21,-1,-1,-1
322,49,337.81,547.07,43.40,19.26,0.43,-1,-1,-1
322,50,1654.85,513.13,79.56,17.56,0.22,-1,-1,-1
323,1,810.50,451.17,366.64,342.45,0.67,-1,-1,-1
324,1,809.37,453.72,365.66,339.55,0.68,-1,-1,-1
324,49,334.56,549.40,44.64,19.48,0.75,-1,-1,-1
324,50,1651.12,513.48,77.31,16.99,0.24,-1,-1,-1
325,1,808.37,456.06,365.58,337.51,0.71,-1,-1,-1
325,57,1702.63,504.68,68.10,14.01,0.29,-1,-1,-1
325,49,326.17,546.55,51.70,23.64,0.60,-1,-1,-1
326,1,806.00,455.47,369.02,338.94,0.73,-1,-1,-1
326,49,324.50,544.36,52.92,24.87,0.73,-1,-1,-1
327,1,805.65,455.02,369.88,337.97,0.70,-1,-1,-1
327,49,326.72,546.23,47.52,22.49,0.68,-1,-1,-1
327,57,1698.17,505.05,70.04,14.43,0.28,-1,-1,-1
328,1,805.53,454.50,371.54,337.97,0.65,-1,-1,-1
328,49,327.44,550.46,39.82,18.72,0.38,-1,-1,-1
328,50,1644.46,514.11,78.49,17.33,0.38,-1,-1,-1
329,1,803.01,454.18,373.34,337.92,0.64,-1,-1,-1
329,49,324.21,549.50,43.06,20.11,0.72,-1,-1,-1
330,1,799.49,452.09,377.43,340.33,0.57,-1,-1,-1
330,58,1388.20,471.65,30.74,12.41,0.42,-1,-1,-1
330,50,1640.68,513.24,73.51,16.38,0.42,-1,-1,-1
331,1,805.11,456.34,376.92,338.03,0.50,-1,-1,-1
331,50,1639.80,513.19,69.44,15.66,0.21,-1,-1,-1
332,1,801.99,460.49,375.27,334.33,0.68,-1,-1,-1
333,1,798.64,461.07,377.23,333.84,0.60,-1,-1,-1
333,60,798.54,449.00,398.35,346.23,0.59,-1,-1,-1
333,50,1635.22,513.56,68.24,15.76,0.21,-1,-1,-1
334,1,798.41,463.76,375.60,329.94,0.76,-1,-1,-1
334,49,311.49,542.46,55.29,26.76,0.55,-1,-1,-1
335,1,796.74,464.03,378.14,330.03,0.78,-1,-1,-1
336,1,790.69,457.55,387.94,337.48,0.37,-1,-1,-1
336,49,313.46,544.26,48.13,23.75,0.47,-1,-1,-1
337,1,790.05,460.11,388.65,336.41,0.75,-1,-1,-1
337,49,308.94,542.80,51.72,26.08,0.78,-1,-1,-1
338,1,787.67,460.14,392.10,337.70,0.54,-1,-1,-1
338,49,304.95,543.05,54.47,27.93,0.82,-1,-1,-1
338,57,1680.82,506.56,70.90,14.83,0.33,-1,-1,-1
339,1,785.88,458.57,394.81,338.60,0.51,-1,-1,-1
339,49,304.88,544.60,49.98,25.85,0.57,-1,-1,-1
339,58,1391.63,474.46,29.47,11.94,0.22,-1,-1,-1
340,1,785.93,458.74,395.11,337.40,0.75,-1,-1,-1
340,49,306.45,546.66,45.88,23.55,0.73,-1,-1,-1
340,58,1390.26,474.62,27.94,11.48,0.23,-1,-1,-1
341,1,784.52,454.94,399.35,340.46,0.53,-1,-1,-1
341,49,304.40,546.38,47.83,24.59,0.86,-1,-1,-1
342,1,782.26,453.98,401.36,341.17,0.54,-1,-1,-1
342,49,301.77,544.62,51.41,26.73,0.84,-1,-1,-1
343,1,782.12,453.52,403.17,341.96,0.59,-1,-1,-1
343,49,300.36,544.94,50.14,26.29,0.59,-1,-1,-1
344,1,779.79,453.58,404.86,342.32,0.53,-1,-1,-1
344,49,299.54,543.47,52.97,28.26,0.86,-1,-1,-1
345,1,780.62,454.73,403.67,340.25,0.54,-1,-1,-1
345,49,300.69,545.52,49.02,26.23,0.71,-1,-1,-1
346,1,780.08,454.98,404.75,340.27,0.57,-1,-1,-1
346,49,302.53,548.32,43.81,23.05,0.70,-1,-1,-1
347,1,779.23,454.11,406.14,340.52,0.55,-1,-1,-1
347,49,296.77,546.00,48.87,25.74,0.79,-1,-1,-1
348,1,780.68,455.65,405.39,339.05,0.54,-1,-1,-1
348,49,297.41,548.98,43.26,22.27,0.69,-1,-1,-1
348,50,1605.18,511.44,77.52,18.61,0.21,-1,-1,-1
348,58,1372.20,473.86,27.47,11.42,0.20,-1,-1,-1
349,1,777.78,453.10,409.51,341.88,0.43,-1,-1,-1
349,49,297.85,550.76,39.45,19.49,0.36,-1,-1,-1
349,50,1609.07,507.98,71.00,17.28,0.21,-1,-1,-1
350,1,775.94,452.55,412.18,343.49,0.43,-1,-1,-1
350,49,294.29,550.38,39.93,19.33,0.68,-1,-1,-1
350,50,1606.52,510.32,73.11,18.14,0.50,-1,-1,-1
351,1,775.27,453.53,414.24,344.69,0.31,-1,-1,-1
351,49,294.71,551.99,39.69,18.63,0.45,-1,-1,-1
351,57,1642.95,505.10,51.41,11.79,0.29,-1,-1,-1
352,1,776.38,455.66,412.84,342.79,0.45,-1,-1,-1
352,49,290.11,549.38,44.96,21.11,0.64,-1,-1,-1
352,57,1641.74,502.42,49.51,12.10,0.23,-1,-1,-1
353,1,772.78,454.10,416.99,345.69,0.44,-1,-1,-1
353,49,288.11,552.22,42.98,19.78,0.62,-1,-1,-1
354,1,772.34,454.58,416.80,344.68,0.54,-1,-1,-1
354,49,286.26,553.19,41.64,18.84,0.76,-1,-1,-1
355,1,778.72,456.32,418.45,344.93,0.22,-1,-1,-1
355,49,285.18,554.52,39.66,17.65,0.65,-1,-1,-1
356,1,770.89,454.98,420.03,345.36,0.53,-1,-1,-1
356,49,282.44,552.48,43.01,19.33,0.71,-1,-1,-1
357,1,767.17,452.69,422.15,346.45,0.36,-1,-1,-1
357,49,282.55,553.37,41.67,18.27,0.61,-1,-1,-1
357,58,1365.34,472.92,27.66,11.58,0.25,-1,-1,-1
358,1,767.22,442.40,435.33,358.00,0.21,-1,-1,-1
358,49,276.42,551.12,46.72,20.93,0.78,-1,-1,-1
358,58,1366.21,473.55,27.52,11.78,0.22,-1,-1,-1
358,50,1593.29,510.75,66.17,16.67,0.22,-1,-1,-1
359,1,768.92,453.32,422.46,345.83,0.71,-1,-1,-1
359,49,279.19,553.11,38.68,17.06,0.22,-1,-1,-1
359,50,1596.53,511.84,68.42,16.82,0.24,-1,-1,-1
360,1,767.49,457.47,418.49,340.70,0.48,-1,-1,-1
360,49,278.24,552.79,41.15,18.06,0.60,-1,-1,-1
360,57,1636.91,506.10,47.69,11.86,0.23,-1,-1,-1
361,1,767.19,457.74,417.45,338.31,0.56,-1,-1,-1
361,49,272.02,550.21,48.32,21.42,0.78,-1,-1,-1
362,1,769.58,462.97,414.09,333.65,0.79,-1,-1,-1
362,49,273.15,551.15,43.03,19.01,0.45,-1,-1,-1
363,1,769.99,465.78,412.97,330.77,0.82,-1,-1,-1
363,50,1583.10,512.61,66.85,16.41,0.23,-1,-1,-1
364,1,775.37,466.57,415.04,330.62,0.59,-1,-1,-1
364,50,1580.36,511.91,67.48,16.38,0.56,-1,-1,-1
364,49,263.18,548.70,48.66,21.75,0.76,-1,-1,-1
365,1,768.01,464.79,418.93,332.23,0.72,-1,-1,-1
365,50,1576.55,510.67,70.53,17.36,0.66,-1,-1,-1
365,49,264.83,549.69,45.07,20.38,0.71,-1,-1,-1
366,1,772.68,464.94,421.01,332.44,0.35,-1,-1,-1
366,50,1572.77,507.88,75.39,19.02,0.24,-1,-1,-1
366,49,257.57,548.09,51.08,23.27,0.72,-1,-1,-1
367,1,772.82,465.36,422.94,332.33,0.54,-1,-1,-1
367,49,254.15,546.46,54.55,25.14,0.75,-1,-1,-1
368,1,771.37,463.46,425.80,333.33,0.39,-1,-1,-1
368,49,251.34,545.30,58.49,27.50,0.82,-1,-1,-1
368,50,1571.48,508.08,68.33,17.49,0.30,-1,-1,-1
369,1,768.25,464.13,428.02,333.34,0.43,-1,-1,-1
369,49,254.55,547.84,51.52,24.25,0.79,-1,-1,-1
369,50,1570.55,510.29,66.25,17.09,0.44,-1,-1,-1
370,1,767.37,465.03,429.39,332.78,0.42,-1,-1,-1
370,49,252.58,546.16,54.24,26.13,0.83,-1,-1,-1
371,1,765.96,465.34,433.26,334.80,0.29,-1,-1,-1
371,49,253.79,547.33,49.88,24.18,0.35,-1,-1,-1
372,49,248.40,544.83,55.47,27.72,0.81,-1,-1,-1
372,57,1606.07,502.21,68.26,17.48,0.22,-1,-1,-1
372,50,1561.36,509.97,71.70,18.60,0.34,-1,-1,-1
373,1,760.09,460.58,439.22,337.99,0.21,-1,-1,-1
374,49,244.45,543.21,55.03,28.38,0.72,-1,-1,-1
374,50,1552.11,510.57,75.40,19.40,0.42,-1,-1,-1
375,49,245.29,547.55,46.57,23.76,0.49,-1,-1,-1
376,49,245.96,549.17,43.72,22.23,0.35,-1,-1,-1
376,1,759.65,464.73,434.18,331.04,0.42,-1,-1,-1
376,50,1549.85,509.74,76.49,19.67,0.38,-1,-1,-1
377,49,241.13,547.70,48.56,24.80,0.73,-1,-1,-1
377,1,760.29,468.42,432.22,326.53,0.40,-1,-1,-1
378,49,248.25,551.06,38.53,18.93,0.20,-1,-1,-1
378,57,1588.40,499.85,70.72,18.23,0.28,-1,-1,-1
378,50,1547.06,509.75,70.02,17.77,0.36,-1,-1,-1
379,49,236.91,546.26,50.77,25.45,0.59,-1,-1,-1
379,1,754.75,464.92,444.19,333.99,0.32,-1,-1,-1
380,49,233.88,546.01,51.73,26.30,0.49,-1,-1,-1
380,1,753.45,465.95,444.75,332.60,0.27,-1,-1,-1
381,1,750.15,463.40,450.55,336.37,0.22,-1,-1,-1
381,57,1584.25,502.75,66.33,16.99,0.53,-1,-1,-1
382,1,751.20,469.12,445.43,330.63,0.44,-1,-1,-1
382,57,1585.08,502.64,65.06,16.85,0.53,-1,-1,-1
382,50,1542.46,509.89,77.72,19.24,0.44,-1,-1,-1
383,1,749.13,468.65,448.01,331.11,0.38,-1,-1,-1
383,50,1537.20,509.91,74.45,18.55,0.53,-1,-1,-1
383,49,228.49,546.52,50.40,25.83,0.51,-1,-1,-1
384,1,746.24,465.42,452.47,333.36,0.20,-1,-1,-1
384,49,223.25,546.75,50.31,25.85,0.55,-1,-1,-1
384,57,1584.33,503.18,62.71,16.23,0.48,-1,-1,-1
385,1,745.95,469.28,451.86,331.36,0.54,-1,-1,-1
385,49,221.83,547.36,49.53,25.55,0.51,-1,-1,-1
385,57,1574.09,502.77,66.22,16.39,0.25,-1,-1,-1
385,50,1542.08,506.65,80.97,19.31,0.51,-1,-1,-1
386,1,743.42,466.13,456.55,334.02,0.23,-1,-1,-1
386,49,221.47,549.65,46.70,23.91,0.43,-1,-1,-1
386,57,1573.48,501.29,68.68,17.28,0.53,-1,-1,-1
386,50,1532.25,508.88,78.17,18.84,0.55,-1,-1,-1
387,49,220.84,550.03,45.33,22.84,0.64,-1,-1,-1
387,57,1568.79,501.64,69.86,17.26,0.22,-1,-1,-1
387,50,1528.71,509.14,75.14,18.28,0.56,-1,-1,-1
388,57,1564.65,501.45,71.08,17.46,0.24,-1,-1,-1
388,50,1529.30,508.63,77.01,18.45,0.22,-1,-1,-1
388,64,1850.26,523.81,67.60,18.61,0.28,-1,-1,-1
389,57,1562.35,502.64,70.71,17.09,0.21,-1,-1,-1
389,50,1534.17,506.23,83.61,19.47,0.41,-1,-1,-1
390,57,1565.28,501.34,70.70,17.11,0.45,-1,-1,-1
390,50,1530.26,507.73,77.55,17.99,0.24,-1,-1,-1
390,1,722.85,439.89,490.91,361.71,0.31,-1,-1,-1
390,49,214.12,553.36,42.08,20.48,0.21,-1,-1,-1
391,57,1565.58,501.59,68.74,16.71,0.66,-1,-1,-1
391,1,738.99,431.46,457.20,334.46,0.28,-1,-1,-1
391,49,208.87,551.14,48.31,23.49,0.46,-1,-1,-1
392,57,1556.59,501.96,70.21,16.77,0.31,-1,-1,-1
392,49,210.45,555.88,43.02,19.78,0.34,-1,-1,-1
392,50,1530.68,507.29,83.68,18.59,0.50,-1,-1,-1
393,57,1553.79,501.17,73.81,17.58,0.55,-1,-1,-1
393,49,205.41,549.62,53.99,25.11,0.66,-1,-1,-1
393,68,330.46,447.28,60.37,34.26,0.52,-1,-1,-1
393,50,1521.50,507.04,79.73,17.77,0.26,-1,-1,-1
394,57,1542.02,501.02,80.88,18.79,0.22,-1,-1,-1
394,49,205.16,550.93,51.18,23.42,0.48,-1,-1,-1
394,64,1837.08,521.55,76.97,20.97,0.29,-1,-1,-1
394,1,734.77,459.01,462.52,336.45,0.27,-1,-1,-1
395,57,1529.43,501.38,88.14,20.04,0.32,-1,-1,-1
395,49,202.39,550.09,50.88,23.60,0.69,-1,-1,-1
395,1,733.84,465.64,463.72,335.57,0.34,-1,-1,-1
395,50,1508.86,508.74,76.00,17.11,0.33,-1,-1,-1
396,57,1524.38,502.02,93.96,20.80,0.57,-1,-1,-1
396,49,199.61,551.19,47.72,21.93,0.73,-1,-1,-1
397,49,195.04,551.36,48.48,22.08,0.68,-1,-1,-1
397,50,1512.66,507.98,76.71,17.02,0.39,-1,-1,-1
398,49,195.85,554.50,45.74,20.12,0.29,-1,-1,-1
398,50,1505.54,509.20,74.39,16.74,0.59,-1,-1,-1
398,57,1526.45,501.13,86.44,18.85,0.26,-1,-1,-1
399,49,189.84,550.88,51.41,22.70,0.57,-1,-1,-1
399,50,1510.21,506.25,85.51,18.76,0.58,-1,-1,-1
399,57,1515.50,500.71,95.56,20.47,0.41,-1,-1,-1
399,1,728.00,465.37,470.83,339.24,0.26,-1,-1,-1
400,49,191.14,554.07,46.03,19.63,0.41,-1,-1,-1
400,50,1509.65,505.32,90.44,19.37,0.44,-1,-1,-1
400,1,726.24,465.98,473.59,339.98,0.21,-1,-1,-1
401,49,191.22,558.06,40.09,16.58,0.26,-1,-1,-1
401,50,1501.77,506.76,81.07,17.56,0.44,-1,-1,-1
401,1,713.02,463.02,464.47,341.23,0.28,-1,-1,-1
402,1,705.00,459.62,463.39,346.38,0.41,-1,-1,-1
402,57,1505.93,504.00,91.42,19.27,0.38,-1,-1,-1
403,1,704.41,454.70,458.84,348.74,0.35,-1,-1,-1
403,57,1502.01,502.31,97.06,20.23,0.51,-1,-1,-1
403,49,183.97,553.36,45.31,18.96,0.32,-1,-1,-1
404,1,721.54,461.94,458.08,344.46,0.25,-1,-1,-1
404,57,1500.43,503.51,96.08,19.65,0.59,-1,-1,-1
404,49,182.40,556.18,44.96,18.83,0.62,-1,-1,-1
405,1,713.42,458.33,450.38,344.07,0.24,-1,-1,-1
405,57,1496.73,503.24,99.95,20.20,0.75,-1,-1,-1
406,1,710.33,458.63,444.28,343.67,0.33,-1,-1,-1
406,57,1491.00,502.56,105.88,21.46,0.77,-1,-1,-1
407,1,715.64,460.65,434.32,340.20,0.31,-1,-1,-1
407,57,1487.06,500.74,109.39,22.17,0.46,-1,-1,-1
407,69,1592.97,461.65,42.74,20.08,0.37,-1,-1,-1
407,50,1499.74,499.20,92.85,19.87,0.23,-1,-1,-1
407,49,170.72,555.97,50.52,21.35,0.29,-1,-1,-1
408,1,723.49,470.45,417.83,330.33,0.29,-1,-1,-1
408,57,1484.57,500.87,112.59,22.92,0.71,-1,-1,-1
408,49,168.42,557.47,47.15,19.98,0.21,-1,-1,-1
409,1,719.19,462.74,423.10,337.68,0.28,-1,-1,-1
409,57,1482.40,499.24,115.47,23.55,0.71,-1,-1,-1
410,1,713.43,456.02,437.31,350.76,0.42,-1,-1,-1
410,57,1479.03,498.40,115.72,23.72,0.65,-1,-1,-1
410,69,1592.76,458.21,43.47,20.45,0.21,-1,-1,-1
411,1,713.64,452.70,439.19,353.87,0.24,-1,-1,-1
411,57,1477.11,498.88,116.34,23.96,0.61,-1,-1,-1
411,50,1481.69,500.25,109.34,23.42,0.34,-1,-1,-1
412,50,1481.66,501.29,105.25,22.25,0.83,-1,-1,-1
413,50,1476.12,501.33,108.02,22.71,0.79,-1,-1,-1
413,1,712.62,452.12,439.92,355.73,0.29,-1,-1,-1
414,50,1474.91,502.50,103.02,21.30,0.75,-1,-1,-1
414,1,713.65,454.65,436.31,353.34,0.34,-1,-1,-1
414,49,158.31,559.12,42.32,17.85,0.20,-1,-1,-1
415,50,1472.60,503.27,104.21,21.43,0.82,-1,-1,-1
415,1,713.23,448.74,442.72,359.35,0.32,-1,-1,-1
415,49,155.80,555.94,49.10,21.12,0.33,-1,-1,-1
415,57,1472.58,501.34,107.27,22.09,0.24,-1,-1,-1
