1,1,1025.22,185.50,129.73,176.85,0.79,-1,-1,-1
2,1,1029.60,193.61,123.21,167.64,0.88,-1,-1,-1
3,1,1027.34,185.12,130.35,177.18,0.89,-1,-1,-1
4,1,1032.69,198.13,119.06,160.77,0.86,-1,-1,-1
5,1,1029.16,191.07,122.77,165.53,0.84,-1,-1,-1
6,1,1029.01,193.43,122.12,164.01,0.87,-1,-1,-1
7,1,1027.47,191.31,125.89,168.78,0.77,-1,-1,-1
8,1,1030.91,197.16,122.47,162.77,0.84,-1,-1,-1
9,1,1029.27,198.78,121.96,161.11,0.83,-1,-1,-1
10,1,1027.54,192.54,127.21,167.57,0.67,-1,-1,-1
11,1,1029.55,197.22,124.26,162.40,0.82,-1,-1,-1
12,1,1031.13,192.84,131.50,170.12,0.80,-1,-1,-1
13,1,1028.67,191.97,133.36,171.73,0.73,-1,-1,-1
14,1,1028.29,191.65,134.96,173.19,0.74,-1,-1,-1
15,1,1031.11,198.97,135.16,171.44,0.72,-1,-1,-1
16,1,1029.46,202.43,134.45,169.08,0.36,-1,-1,-1
17,1,1028.13,198.25,133.60,167.36,0.76,-1,-1,-1
18,1,1028.62,200.72,131.63,163.88,0.81,-1,-1,-1
19,1,1032.35,189.63,143.33,176.11,0.40,-1,-1,-1
20,1,1028.49,190.34,139.86,171.92,0.77,-1,-1,-1
21,1,1032.73,194.05,142.42,172.88,0.79,-1,-1,-1
22,1,1024.58,185.99,148.78,182.10,0.63,-1,-1,-1
23,1,1024.37,185.23,147.90,181.83,0.73,-1,-1,-1
24,1,1025.17,189.83,144.91,177.94,0.78,-1,-1,-1
25,1,1032.21,194.04,144.18,173.56,0.42,-1,-1,-1
26,1,1028.57,194.09,145.70,175.40,0.83,-1,-1,-1
27,1,1031.48,194.08,146.39,174.97,0.68,-1,-1,-1
28,1,1031.63,189.56,149.30,177.11,0.28,-1,-1,-1
29,1,1032.51,190.21,148.93,175.00,0.87,-1,-1,-1
30,1,1032.30,193.42,150.83,176.05,0.77,-1,-1,-1
30,3,1794.32,180.87,52.58,15.29,0.49,-1,-1,-1
31,1,1032.05,194.72,147.23,170.83,0.82,-1,-1,-1
31,3,1796.08,181.13,50.54,14.69,0.24,-1,-1,-1
32,1,1034.04,198.66,143.89,164.96,0.60,-1,-1,-1
32,3,1799.14,180.73,48.89,14.21,0.23,-1,-1,-1
33,1,1033.12,197.96,147.39,167.94,0.57,-1,-1,-1
34,1,1029.42,197.03,152.98,174.61,0.82,-1,-1,-1
34,3,1819.57,179.09,60.65,17.72,0.25,-1,-1,-1
35,1,1029.47,196.94,152.28,173.75,0.62,-1,-1,-1
35,4,1014.62,436.21,347.39,353.46,0.32,-1,-1,-1
35,3,1825.15,180.20,59.17,17.31,0.24,-1,-1,-1
36,1,1029.85,199.58,147.89,168.46,0.78,-1,-1,-1
36,4,1010.11,428.47,354.97,361.49,0.26,-1,-1,-1
36,3,1822.85,178.05,65.55,19.34,0.26,-1,-1,-1
37,1,1030.87,198.82,147.07,167.11,0.63,-1,-1,-1
38,1,1028.80,196.31,147.44,168.38,0.81,-1,-1,-1
38,4,1016.16,436.03,341.75,347.98,0.20,-1,-1,-1
39,1,1028.41,195.42,150.09,172.14,0.86,-1,-1,-1
40,1,1028.79,198.15,148.83,170.72,0.77,-1,-1,-1
40,3,1831.45,181.42,53.25,15.61,0.31,-1,-1,-1
41,1,1030.49,200.18,146.09,167.21,0.85,-1,-1,-1
42,1,1029.21,197.02,149.27,171.41,0.90,-1,-1,-1
43,1,1031.00,197.99,146.74,167.86,0.52,-1,-1,-1
44,1,1030.65,197.75,145.72,166.79,0.85,-1,-1,-1
44,4,913.38,535.02,380.26,387.38,0.21,-1,-1,-1
45,1,1027.27,193.94,147.90,170.86,0.86,-1,-1,-1
46,1,1027.80,189.94,150.73,174.62,0.82,-1,-1,-1
46,4,899.71,541.37,379.86,388.21,0.21,-1,-1,-1
47,1,1030.97,192.50,146.78,169.88,0.25,-1,-1,-1
47,4,899.36,539.92,380.22,389.35,0.23,-1,-1,-1
48,1,1036.01,207.54,138.23,156.91,0.23,-1,-1,-1
48,4,901.74,544.21,376.44,386.35,0.23,-1,-1,-1
49,1,1034.93,203.57,140.29,158.26,0.74,-1,-1,-1
49,4,901.28,547.53,365.50,376.25,0.28,-1,-1,-1
50,1,1035.14,206.98,135.95,152.37,0.81,-1,-1,-1
50,4,900.61,550.53,360.11,371.35,0.33,-1,-1,-1
51,1,1030.60,199.00,140.64,158.86,0.90,-1,-1,-1
51,4,898.95,549.89,355.77,368.47,0.25,-1,-1,-1
52,1,1030.05,197.41,141.44,160.75,0.95,-1,-1,-1
52,4,895.39,543.15,360.12,374.43,0.25,-1,-1,-1
53,1,1028.77,192.46,144.95,165.89,0.88,-1,-1,-1
53,4,892.61,536.17,367.03,383.41,0.27,-1,-1,-1
54,1,1029.44,190.03,145.36,167.28,0.89,-1,-1,-1
55,1,1029.02,189.60,145.33,167.90,0.88,-1,-1,-1
56,1,1028.13,186.38,147.83,171.93,0.84,-1,-1,-1
57,1,1026.71,184.35,150.57,176.48,0.61,-1,-1,-1
58,1,1028.18,186.54,147.42,173.92,0.84,-1,-1,-1
59,1,1030.99,187.63,144.21,170.05,0.80,-1,-1,-1
60,1,1030.18,205.52,135.09,159.43,0.49,-1,-1,-1
61,1,1029.36,205.40,133.44,158.01,0.82,-1,-1,-1
62,1,1029.58,202.54,132.81,157.77,0.84,-1,-1,-1
63,1,1030.17,200.89,132.59,158.57,0.33,-1,-1,-1
64,1,1025.28,193.88,140.22,170.64,0.90,-1,-1,-1
65,1,1029.42,196.26,135.42,164.98,0.81,-1,-1,-1
66,1,1026.35,195.11,139.98,172.98,0.89,-1,-1,-1
66,8,1748.36,168.41,30.75,10.13,0.30,-1,-1,-1
67,1,1027.41,191.76,139.72,174.32,0.89,-1,-1,-1
68,1,1030.08,192.11,137.80,172.45,0.89,-1,-1,-1
68,8,1748.08,168.60,31.64,10.41,0.24,-1,-1,-1
69,1,1027.68,192.32,138.25,174.29,0.40,-1,-1,-1
69,8,1747.09,168.35,30.43,9.97,0.29,-1,-1,-1
70,1,1034.00,193.26,134.73,168.82,0.78,-1,-1,-1
71,1,1034.36,192.93,134.68,168.44,0.80,-1,-1,-1
72,1,1034.23,190.60,135.51,169.27,0.86,-1,-1,-1
73,1,1035.57,192.64,131.28,163.67,0.86,-1,-1,-1
74,1,1036.04,193.56,131.16,163.11,0.84,-1,-1,-1
75,1,1036.18,196.33,131.03,162.37,0.86,-1,-1,-1
76,1,1036.96,192.43,135.09,166.96,0.83,-1,-1,-1
77,1,1036.17,190.66,137.80,170.01,0.82,-1,-1,-1
78,1,1036.23,191.31,137.91,169.57,0.83,-1,-1,-1
79,1,1035.95,197.78,134.21,163.89,0.74,-1,-1,-1
80,1,1035.63,195.47,139.40,169.36,0.62,-1,-1,-1
81,1,1037.11,199.04,137.58,166.04,0.81,-1,-1,-1
82,1,1034.88,193.21,142.88,172.07,0.43,-1,-1,-1
83,1,1034.27,191.94,145.95,175.24,0.45,-1,-1,-1
84,1,1035.59,190.82,145.42,174.32,0.83,-1,-1,-1
85,1,1034.84,191.05,144.84,173.20,0.83,-1,-1,-1
86,1,1036.16,192.73,143.31,170.67,0.79,-1,-1,-1
87,1,1037.59,192.24,144.78,172.00,0.87,-1,-1,-1
88,1,1038.38,193.87,142.79,168.77,0.87,-1,-1,-1
89,1,1040.20,196.79,141.12,165.86,0.87,-1,-1,-1
90,1,1037.56,194.22,145.37,170.75,0.81,-1,-1,-1
91,1,1036.97,191.88,147.06,172.76,0.84,-1,-1,-1
92,1,1039.39,194.09,143.85,168.45,0.87,-1,-1,-1
93,1,1037.65,191.44,147.21,172.46,0.82,-1,-1,-1
94,1,1036.57,190.78,149.06,174.50,0.71,-1,-1,-1
95,1,1038.32,192.79,146.96,171.79,0.86,-1,-1,-1
96,1,1038.38,195.43,145.90,170.33,0.87,-1,-1,-1
97,1,1037.38,192.81,147.39,172.01,0.78,-1,-1,-1
98,1,1037.49,193.20,148.12,172.76,0.79,-1,-1,-1
99,1,1039.91,195.60,145.14,168.89,0.89,-1,-1,-1
100,1,1039.30,194.43,146.40,170.27,0.87,-1,-1,-1
101,1,1039.97,193.90,144.85,168.05,0.89,-1,-1,-1
102,1,1038.70,193.83,147.57,171.47,0.84,-1,-1,-1
103,1,1041.75,198.84,141.94,164.23,0.90,-1,-1,-1
104,1,1041.30,196.52,144.86,167.82,0.89,-1,-1,-1
105,1,1040.74,194.88,146.27,169.56,0.88,-1,-1,-1
106,1,1040.92,195.33,147.24,170.58,0.77,-1,-1,-1
107,1,1040.69,195.77,146.78,170.08,0.86,-1,-1,-1
108,1,1040.60,196.34,146.51,169.63,0.75,-1,-1,-1
109,1,1041.52,197.73,144.49,167.22,0.86,-1,-1,-1
110,1,1041.62,195.36,145.77,169.15,0.88,-1,-1,-1
111,1,1040.66,193.74,146.89,170.93,0.90,-1,-1,-1
112,1,1041.05,192.82,146.71,171.24,0.89,-1,-1,-1
113,1,1040.68,192.00,147.45,172.67,0.91,-1,-1,-1
114,1,1042.10,194.20,145.87,171.23,0.92,-1,-1,-1
115,1,1044.31,195.37,145.70,172.05,0.92,-1,-1,-1
116,1,1043.32,195.98,144.99,171.77,0.92,-1,-1,-1
117,1,1044.17,196.95,143.65,170.94,0.92,-1,-1,-1
118,1,1042.62,193.78,145.12,173.35,0.91,-1,-1,-1
119,1,1043.72,194.91,144.45,172.80,0.91,-1,-1,-1
120,1,1044.03,194.40,144.95,174.31,0.91,-1,-1,-1
121,1,1045.44,197.29,141.79,170.63,0.87,-1,-1,-1
122,1,1046.45,199.87,138.76,166.63,0.91,-1,-1,-1
123,1,1045.01,195.27,140.97,169.94,0.93,-1,-1,-1
124,1,1044.36,193.23,142.15,171.97,0.94,-1,-1,-1
125,1,1048.32,205.13,133.81,160.65,0.87,-1,-1,-1
126,1,1052.48,205.45,133.99,161.89,0.89,-1,-1,-1
127,1,1053.00,201.24,136.77,166.81,0.88,-1,-1,-1
128,1,1049.77,197.24,139.83,171.35,0.90,-1,-1,-1
129,1,1048.00,197.31,139.82,171.60,0.91,-1,-1,-1
130,1,1046.63,197.02,140.55,172.92,0.91,-1,-1,-1
131,1,1046.47,197.44,140.21,172.85,0.93,-1,-1,-1
132,1,1050.04,203.53,135.04,166.15,0.88,-1,-1,-1
133,1,1050.01,196.09,138.21,171.26,0.94,-1,-1,-1
134,1,1051.85,200.86,134.94,167.41,0.92,-1,-1,-1
135,1,1049.78,197.69,136.75,169.82,0.94,-1,-1,-1
136,1,1051.65,197.50,136.10,169.50,0.93,-1,-1,-1
137,1,1053.03,200.49,134.46,167.35,0.93,-1,-1,-1
138,1,1051.83,199.86,135.30,168.28,0.93,-1,-1,-1
139,1,1050.59,193.66,139.14,174.00,0.94,-1,-1,-1
140,1,1053.20,198.67,134.12,167.27,0.94,-1,-1,-1
141,1,1051.49,192.56,138.07,173.13,0.95,-1,-1,-1
142,1,1051.49,192.92,136.99,171.66,0.94,-1,-1,-1
143,1,1050.85,191.60,138.33,173.72,0.95,-1,-1,-1
144,1,1051.62,195.22,136.81,171.77,0.92,-1,-1,-1
145,1,1051.42,193.27,136.75,171.41,0.95,-1,-1,-1
146,1,1052.38,193.51,136.38,171.04,0.94,-1,-1,-1
147,1,1053.14,201.40,131.30,162.82,0.91,-1,-1,-1
148,1,1050.18,195.98,136.13,168.58,0.93,-1,-1,-1
149,1,1050.27,193.85,138.21,171.25,0.93,-1,-1,-1
150,1,1048.52,193.49,140.45,173.69,0.91,-1,-1,-1
151,1,1048.76,195.82,140.15,172.75,0.89,-1,-1,-1
152,1,1046.70,190.45,143.12,176.32,0.94,-1,-1,-1
153,1,1046.07,189.50,144.91,178.74,0.92,-1,-1,-1
154,1,1047.99,193.55,142.01,174.41,0.91,-1,-1,-1
155,1,1047.85,193.84,142.34,174.35,0.92,-1,-1,-1
156,1,1047.51,193.11,142.43,173.74,0.91,-1,-1,-1
157,1,1046.88,191.84,144.64,175.72,0.92,-1,-1,-1
157,13,1212.48,184.26,33.84,30.64,0.25,-1,-1,-1
158,1,1045.83,191.31,146.49,177.69,0.93,-1,-1,-1
158,13,1213.11,182.71,36.89,33.38,0.36,-1,-1,-1
159,1,1045.30,189.38,147.03,177.83,0.93,-1,-1,-1
160,1,1046.50,192.69,146.09,175.86,0.91,-1,-1,-1
161,1,1046.67,192.53,146.27,175.22,0.91,-1,-1,-1
161,13,1220.44,200.05,27.18,24.00,0.22,-1,-1,-1
162,1,1046.91,191.52,147.50,175.89,0.92,-1,-1,-1
163,1,1046.55,192.80,148.51,176.60,0.93,-1,-1,-1
163,13,1223.64,203.19,24.83,20.96,0.32,-1,-1,-1
164,1,1046.15,190.19,150.94,179.16,0.92,-1,-1,-1
165,1,1045.10,188.62,153.02,181.41,0.91,-1,-1,-1
166,1,1048.77,190.82,150.26,177.71,0.89,-1,-1,-1
167,1,1049.93,191.46,149.84,176.77,0.89,-1,-1,-1
168,1,1046.11,187.51,153.08,180.11,0.92,-1,-1,-1
168,13,1229.42,205.50,24.27,18.78,0.37,-1,-1,-1
169,1,1045.78,189.71,153.03,179.06,0.91,-1,-1,-1
169,13,1230.41,201.49,29.04,21.46,0.47,-1,-1,-1
170,1,1046.41,191.40,152.61,177.76,0.88,-1,-1,-1
170,13,1230.55,202.60,29.17,20.24,0.43,-1,-1,-1
171,1,1056.01,189.13,152.95,180.60,0.92,-1,-1,-1
171,13,1233.90,201.12,31.57,21.10,0.37,-1,-1,-1
172,1,1059.16,190.22,151.26,180.20,0.92,-1,-1,-1
172,13,1233.18,199.20,34.99,22.91,0.38,-1,-1,-1
173,1,1059.10,190.49,150.56,180.36,0.92,-1,-1,-1
173,13,1229.95,197.38,40.38,26.25,0.41,-1,-1,-1
174,1,1065.72,190.30,146.58,177.02,0.94,-1,-1,-1
174,13,1233.07,198.81,38.98,25.07,0.31,-1,-1,-1
175,1,1068.31,192.82,142.91,173.38,0.92,-1,-1,-1
175,13,1233.63,200.94,38.30,24.29,0.38,-1,-1,-1
175,15,1252.60,153.19,52.73,33.93,0.31,-1,-1,-1
176,1,1072.79,197.68,139.67,169.42,0.94,-1,-1,-1
176,13,1233.62,201.06,38.46,23.87,0.29,-1,-1,-1
177,1,1073.00,192.62,142.11,173.39,0.94,-1,-1,-1
178,1,1074.50,191.08,142.17,174.24,0.95,-1,-1,-1
178,13,1239.90,201.97,37.34,22.79,0.37,-1,-1,-1
179,1,1075.83,191.87,140.90,173.25,0.93,-1,-1,-1
179,13,1239.42,202.18,38.77,23.46,0.43,-1,-1,-1
180,1,1076.64,190.81,141.00,174.27,0.94,-1,-1,-1
180,13,1237.67,196.59,45.63,27.89,0.30,-1,-1,-1
181,1,1078.46,191.96,139.43,172.54,0.94,-1,-1,-1
181,13,1243.02,201.17,37.93,22.47,0.32,-1,-1,-1
182,1,1077.40,187.96,141.52,175.90,0.93,-1,-1,-1
182,16,1484.57,156.16,38.02,21.15,0.34,-1,-1,-1
183,1,1078.92,190.80,139.49,173.04,0.93,-1,-1,-1
183,16,1483.68,154.80,40.50,22.57,0.54,-1,-1,-1
183,13,1246.97,201.71,35.65,20.73,0.22,-1,-1,-1
184,1,1079.91,191.72,138.88,172.10,0.94,-1,-1,-1
184,13,1247.57,201.18,35.90,20.50,0.34,-1,-1,-1
185,1,1080.59,189.72,139.00,172.43,0.97,-1,-1,-1
186,1,1080.44,188.04,140.92,174.85,0.96,-1,-1,-1
186,16,1483.97,153.67,41.66,23.19,0.25,-1,-1,-1
186,13,1242.52,185.11,51.30,30.28,0.21,-1,-1,-1
187,1,1082.22,190.08,139.21,172.21,0.94,-1,-1,-1
187,16,1482.38,152.96,43.25,24.16,0.26,-1,-1,-1
187,13,1243.70,184.64,51.00,30.93,0.27,-1,-1,-1
188,1,1085.13,196.00,136.26,167.42,0.94,-1,-1,-1
188,13,1251.05,193.51,43.32,25.99,0.20,-1,-1,-1
189,1,1084.16,193.22,139.82,171.56,0.94,-1,-1,-1
189,16,1490.08,153.83,39.94,22.00,0.24,-1,-1,-1
190,1,1086.47,191.40,140.37,172.16,0.95,-1,-1,-1
190,16,1490.27,151.19,47.57,26.27,0.47,-1,-1,-1
191,1,1086.72,192.71,140.43,171.71,0.94,-1,-1,-1
191,13,1259.62,201.10,35.92,20.86,0.38,-1,-1,-1
192,1,1085.94,192.44,141.22,172.31,0.95,-1,-1,-1
192,13,1256.75,197.98,41.94,24.47,0.40,-1,-1,-1
193,1,1086.40,189.87,142.76,174.11,0.95,-1,-1,-1
193,13,1261.09,198.54,41.88,24.48,0.39,-1,-1,-1
194,1,1087.55,190.76,142.29,173.23,0.94,-1,-1,-1
194,13,1261.40,196.67,44.67,26.32,0.23,-1,-1,-1
195,1,1090.40,189.97,143.72,174.84,0.95,-1,-1,-1
195,13,1263.03,196.01,46.02,27.57,0.49,-1,-1,-1
195,16,1489.71,150.77,50.19,27.37,0.30,-1,-1,-1
196,1,1091.33,189.08,144.00,175.19,0.95,-1,-1,-1
196,13,1266.08,201.12,38.13,22.14,0.32,-1,-1,-1
197,1,1091.25,186.85,145.66,177.14,0.93,-1,-1,-1
197,13,1266.33,202.36,37.15,21.31,0.22,-1,-1,-1
198,1,1093.00,188.11,144.61,175.62,0.95,-1,-1,-1
198,13,1268.48,199.91,40.53,23.06,0.26,-1,-1,-1
199,1,1094.81,190.11,142.21,172.29,0.95,-1,-1,-1
199,13,1258.02,184.68,59.05,34.78,0.20,-1,-1,-1
200,1,1096.13,191.38,143.73,174.03,0.94,-1,-1,-1
200,13,1266.01,190.62,50.52,29.99,0.27,-1,-1,-1
201,1,1096.73,191.54,144.01,174.33,0.95,-1,-1,-1
201,13,1271.56,196.03,42.67,25.10,0.35,-1,-1,-1
202,1,1098.81,191.49,143.74,174.20,0.95,-1,-1,-1
203,1,1099.79,190.87,143.59,174.36,0.95,-1,-1,-1
204,1,1099.01,188.87,145.02,176.46,0.94,-1,-1,-1
205,1,1102.12,188.05,144.87,176.70,0.94,-1,-1,-1
206,1,1104.01,191.11,142.68,173.63,0.94,-1,-1,-1
206,13,1279.94,197.42,45.86,27.19,0.21,-1,-1,-1
207,1,1106.22,190.70,143.05,173.93,0.94,-1,-1,-1
208,1,1107.27,192.69,141.58,171.74,0.94,-1,-1,-1
208,16,1469.32,150.16,61.60,34.55,0.30,-1,-1,-1
208,13,1289.28,201.79,38.16,21.83,0.23,-1,-1,-1
209,1,1107.07,191.18,142.01,172.25,0.95,-1,-1,-1
209,16,1475.25,151.54,54.35,31.16,0.38,-1,-1,-1
210,1,1108.49,190.95,143.39,173.79,0.93,-1,-1,-1
211,1,1106.92,184.99,148.48,180.73,0.91,-1,-1,-1
212,1,1109.89,187.27,147.18,179.11,0.94,-1,-1,-1
213,1,1110.84,187.25,146.43,178.15,0.95,-1,-1,-1
214,1,1115.40,190.53,143.32,173.60,0.94,-1,-1,-1
215,1,1115.78,190.10,143.52,173.63,0.95,-1,-1,-1
216,1,1116.08,191.02,143.92,173.77,0.94,-1,-1,-1
217,1,1120.31,190.38,142.78,172.23,0.95,-1,-1,-1
217,13,1306.38,203.95,36.35,20.06,0.20,-1,-1,-1
218,1,1120.02,189.44,143.27,172.69,0.96,-1,-1,-1
219,1,1120.74,186.54,144.93,175.00,0.96,-1,-1,-1
219,13,1309.32,204.46,36.70,19.84,0.31,-1,-1,-1
220,1,1121.81,189.00,144.03,173.84,0.95,-1,-1,-1
221,1,1122.45,190.27,143.66,173.46,0.96,-1,-1,-1
222,1,1123.25,189.23,144.96,174.94,0.94,-1,-1,-1
223,1,1125.00,189.81,143.04,172.42,0.95,-1,-1,-1
224,1,1126.89,190.69,144.59,174.06,0.95,-1,-1,-1
225,1,1126.20,188.81,146.90,177.07,0.95,-1,-1,-1
226,1,1127.22,189.35,147.09,177.14,0.94,-1,-1,-1
227,1,1128.07,188.97,146.45,176.11,0.93,-1,-1,-1
228,1,1127.33,187.26,148.01,178.25,0.95,-1,-1,-1
228,13,1322.19,201.61,38.32,20.18,0.24,-1,-1,-1
229,1,1130.43,189.89,145.33,174.49,0.95,-1,-1,-1
230,1,1131.08,190.41,145.20,173.88,0.94,-1,-1,-1
231,1,1132.24,187.27,147.80,177.19,0.95,-1,-1,-1
232,1,1132.83,187.14,148.61,178.33,0.95,-1,-1,-1
233,1,1132.66,186.02,149.16,179.21,0.95,-1,-1,-1
233,13,1334.16,203.91,37.15,19.37,0.20,-1,-1,-1
234,1,1135.24,187.93,146.73,175.93,0.95,-1,-1,-1
234,19,902.10,219.04,50.94,18.41,0.21,-1,-1,-1
234,13,1335.34,202.00,41.18,21.77,0.23,-1,-1,-1
235,1,1136.53,188.88,145.85,174.54,0.95,-1,-1,-1
235,13,1335.25,202.45,41.20,21.74,0.23,-1,-1,-1
236,1,1139.59,189.71,145.10,173.29,0.95,-1,-1,-1
236,13,1332.92,189.47,54.91,30.70,0.40,-1,-1,-1
237,1,1140.68,190.57,144.95,172.93,0.95,-1,-1,-1
238,1,1142.73,190.64,145.33,173.26,0.96,-1,-1,-1
238,13,1344.98,200.70,39.03,20.36,0.27,-1,-1,-1
239,1,1143.14,190.28,146.00,173.91,0.95,-1,-1,-1
239,13,1343.01,199.58,42.60,22.03,0.29,-1,-1,-1
240,1,1142.82,189.81,146.56,174.53,0.95,-1,-1,-1
241,1,1145.88,189.74,145.87,173.76,0.94,-1,-1,-1
241,13,1342.70,198.21,47.50,25.03,0.42,-1,-1,-1
242,1,1146.94,190.15,145.72,173.56,0.95,-1,-1,-1
242,13,1346.64,202.72,41.14,21.41,0.20,-1,-1,-1
243,1,1149.61,191.22,145.11,172.53,0.95,-1,-1,-1
243,13,1350.21,203.73,42.11,22.07,0.45,-1,-1,-1
244,1,1150.04,189.94,145.67,172.98,0.93,-1,-1,-1
244,13,1353.17,205.08,39.84,20.52,0.28,-1,-1,-1
245,1,1149.42,189.25,146.75,174.30,0.93,-1,-1,-1
245,13,1354.64,206.19,37.85,19.21,0.38,-1,-1,-1
246,1,1152.22,191.71,144.62,171.22,0.94,-1,-1,-1
246,13,1356.37,205.96,39.94,20.29,0.43,-1,-1,-1
247,1,1152.53,191.06,145.10,171.66,0.94,-1,-1,-1
247,13,1356.91,206.00,40.80,20.66,0.39,-1,-1,-1
247,19,933.12,219.49,64.30,23.11,0.23,-1,-1,-1
248,1,1155.33,191.21,145.14,171.09,0.94,-1,-1,-1
248,13,1361.79,209.21,35.58,17.49,0.50,-1,-1,-1
249,1,1155.39,191.25,145.77,171.44,0.94,-1,-1,-1
249,13,1360.67,207.69,37.47,18.44,0.42,-1,-1,-1
250,1,1157.88,192.49,146.45,171.82,0.94,-1,-1,-1
250,13,1364.15,205.65,40.35,19.64,0.41,-1,-1,-1
251,1,1159.43,197.88,144.38,168.54,0.72,-1,-1,-1
251,13,1364.24,204.32,40.92,19.83,0.59,-1,-1,-1
252,1,1159.37,198.05,144.59,167.98,0.94,-1,-1,-1
252,13,1364.21,203.68,41.47,19.90,0.32,-1,-1,-1
253,1,1160.87,195.72,146.55,170.04,0.95,-1,-1,-1
253,13,1358.56,197.61,54.09,26.62,0.62,-1,-1,-1
253,19,956.46,216.73,77.83,27.02,0.48,-1,-1,-1
254,1,1161.67,195.96,146.81,170.12,0.95,-1,-1,-1
254,13,1356.12,193.48,60.39,30.49,0.71,-1,-1,-1
254,20,577.18,422.77,638.06,560.09,0.34,-1,-1,-1
254,19,957.17,216.08,81.94,27.69,0.37,-1,-1,-1
255,1,1162.64,191.48,150.12,174.46,0.95,-1,-1,-1
255,13,1360.59,191.91,60.78,31.62,0.21,-1,-1,-1
255,20,574.91,429.40,631.45,554.50,0.24,-1,-1,-1
256,1,1163.11,190.11,151.21,176.17,0.95,-1,-1,-1
256,13,1368.60,196.24,51.30,26.86,0.42,-1,-1,-1
256,20,574.30,431.48,628.21,552.00,0.26,-1,-1,-1
256,19,960.77,218.44,76.87,24.76,0.41,-1,-1,-1
257,1,1163.85,190.97,150.12,175.21,0.94,-1,-1,-1
257,13,1368.27,196.25,51.34,27.15,0.24,-1,-1,-1
257,20,571.28,431.02,631.62,555.69,0.28,-1,-1,-1
257,19,954.41,215.49,88.12,28.40,0.67,-1,-1,-1
258,1,1165.27,188.97,151.96,177.96,0.96,-1,-1,-1
258,13,1365.22,193.35,59.38,32.34,0.47,-1,-1,-1
258,20,572.02,436.46,622.47,548.28,0.34,-1,-1,-1
259,1,1166.91,191.08,150.00,175.93,0.95,-1,-1,-1
259,13,1366.26,193.35,58.69,32.57,0.39,-1,-1,-1
259,20,575.64,440.15,615.91,543.43,0.36,-1,-1,-1
259,19,956.83,215.95,88.29,28.26,0.50,-1,-1,-1
260,1,1168.87,190.85,150.01,175.84,0.95,-1,-1,-1
260,13,1372.12,192.70,56.42,31.81,0.63,-1,-1,-1
260,20,575.75,437.71,618.81,546.52,0.51,-1,-1,-1
260,19,961.26,219.03,78.85,24.71,0.51,-1,-1,-1
261,1,1170.78,192.96,148.18,173.16,0.95,-1,-1,-1
261,13,1373.65,192.11,57.14,33.11,0.76,-1,-1,-1
261,20,578.17,439.05,614.72,542.98,0.51,-1,-1,-1
262,1,1173.37,194.18,147.92,172.48,0.50,-1,-1,-1
262,13,1382.01,199.37,46.21,26.54,0.60,-1,-1,-1
262,20,569.54,426.96,629.44,557.57,0.35,-1,-1,-1
263,1,1173.67,195.28,146.68,170.41,0.95,-1,-1,-1
263,13,1383.15,202.26,44.51,25.62,0.51,-1,-1,-1
263,20,563.93,417.69,637.43,566.76,0.38,-1,-1,-1
264,1,1173.26,192.28,149.16,173.52,0.95,-1,-1,-1
264,13,1384.97,202.22,43.02,24.74,0.52,-1,-1,-1
264,20,564.66,418.77,634.95,566.12,0.42,-1,-1,-1
265,1,1174.31,193.24,149.05,172.99,0.93,-1,-1,-1
265,13,1386.46,202.09,43.52,25.19,0.69,-1,-1,-1
265,20,566.02,413.13,640.47,574.28,0.38,-1,-1,-1
266,1,1174.13,195.29,149.44,173.23,0.93,-1,-1,-1
266,13,1385.37,199.17,47.07,27.77,0.57,-1,-1,-1
266,20,567.48,412.10,637.12,574.61,0.33,-1,-1,-1
267,1,1175.02,194.99,152.92,177.41,0.92,-1,-1,-1
267,13,1387.48,198.25,48.74,29.29,0.53,-1,-1,-1
268,1,1175.39,193.66,154.58,179.46,0.93,-1,-1,-1
268,13,1388.80,199.38,46.88,28.44,0.57,-1,-1,-1
269,1,1176.05,195.81,153.44,177.96,0.92,-1,-1,-1
269,13,1390.83,199.93,45.61,27.91,0.58,-1,-1,-1
269,20,568.97,417.94,623.85,566.09,0.26,-1,-1,-1
270,1,1178.22,194.62,153.71,178.36,0.93,-1,-1,-1
270,13,1387.68,191.64,58.19,36.59,0.73,-1,-1,-1
271,1,1178.71,194.53,153.83,178.52,0.92,-1,-1,-1
271,13,1387.64,191.10,59.43,38.14,0.44,-1,-1,-1
271,19,970.98,223.46,67.37,20.89,0.62,-1,-1,-1
272,1,1183.73,195.70,150.10,173.87,0.92,-1,-1,-1
272,13,1392.23,192.51,57.87,37.84,0.59,-1,-1,-1
272,19,981.89,221.97,79.23,23.79,0.67,-1,-1,-1
273,1,1185.29,195.45,149.17,172.45,0.92,-1,-1,-1
273,13,1394.82,194.16,55.55,36.79,0.58,-1,-1,-1
273,19,972.62,220.77,73.80,23.35,0.56,-1,-1,-1
274,1,1187.18,195.60,149.63,172.91,0.93,-1,-1,-1
274,13,1399.34,196.83,52.00,34.52,0.48,-1,-1,-1
274,19,979.65,218.28,82.81,25.66,0.63,-1,-1,-1
275,1,1187.49,194.97,151.29,175.10,0.92,-1,-1,-1
275,19,985.04,217.73,86.85,26.74,0.63,-1,-1,-1
276,1,1188.15,195.38,150.13,173.75,0.92,-1,-1,-1
276,19,976.01,221.35,73.18,23.03,0.34,-1,-1,-1
276,13,1403.80,197.95,47.70,31.88,0.65,-1,-1,-1
277,1,1188.85,192.60,153.56,178.29,0.92,-1,-1,-1
277,19,988.05,219.96,79.51,24.74,0.40,-1,-1,-1
277,13,1405.21,195.62,49.66,33.57,0.25,-1,-1,-1
278,1,1189.60,193.59,153.59,178.64,0.93,-1,-1,-1
278,13,1409.71,200.73,42.50,28.18,0.29,-1,-1,-1
279,1,1196.45,204.25,145.29,167.13,0.96,-1,-1,-1
279,13,1413.36,199.85,44.14,29.19,0.48,-1,-1,-1
279,19,985.65,221.79,61.96,20.28,0.23,-1,-1,-1
280,1,1195.54,200.37,148.94,171.21,0.93,-1,-1,-1
280,13,1416.06,202.33,39.89,25.89,0.53,-1,-1,-1
280,19,993.01,220.68,72.99,23.77,0.70,-1,-1,-1
281,1,1196.64,201.89,147.56,168.89,0.93,-1,-1,-1
281,13,1420.15,207.09,34.00,21.12,0.36,-1,-1,-1
282,1,1199.25,203.15,146.68,167.12,0.72,-1,-1,-1
282,13,1419.75,199.41,44.00,27.38,0.45,-1,-1,-1
282,20,580.58,431.91,600.93,548.27,0.24,-1,-1,-1
283,1,1198.64,199.53,148.57,168.94,0.93,-1,-1,-1
283,13,1420.93,197.59,45.19,28.21,0.67,-1,-1,-1
283,20,582.65,434.73,596.89,545.96,0.28,-1,-1,-1
284,1,1202.00,198.81,148.38,167.99,0.94,-1,-1,-1
284,13,1428.31,203.41,39.02,23.59,0.40,-1,-1,-1
285,1,1201.58,196.09,152.21,172.25,0.95,-1,-1,-1
285,13,1434.30,209.74,32.14,18.37,0.32,-1,-1,-1
286,1,1205.37,199.39,151.94,171.69,0.94,-1,-1,-1
286,13,1431.07,203.83,42.15,24.42,0.73,-1,-1,-1
286,20,579.53,434.36,598.97,548.84,0.23,-1,-1,-1
287,1,1207.02,203.98,150.21,169.19,0.80,-1,-1,-1
287,13,1432.73,204.34,40.62,23.50,0.62,-1,-1,-1
287,20,579.01,433.27,598.95,550.60,0.22,-1,-1,-1
288,1,1208.81,208.27,146.41,163.36,0.88,-1,-1,-1
288,13,1432.05,202.96,44.15,25.69,0.42,-1,-1,-1
288,19,996.30,222.27,61.97,21.18,0.21,-1,-1,-1
289,1,1211.03,202.61,149.60,166.95,0.94,-1,-1,-1
289,13,1435.64,205.23,39.99,23.05,0.52,-1,-1,-1
290,1,1210.93,199.51,152.28,170.14,0.94,-1,-1,-1
290,13,1438.80,206.51,36.55,20.70,0.37,-1,-1,-1
291,1,1211.32,196.60,157.38,176.49,0.95,-1,-1,-1
291,13,1437.95,200.13,47.25,27.23,0.78,-1,-1,-1
291,19,1009.54,224.23,50.85,18.13,0.22,-1,-1,-1
292,1,1212.37,195.61,158.20,178.00,0.94,-1,-1,-1
292,13,1439.93,202.72,43.54,25.18,0.69,-1,-1,-1
293,1,1212.54,195.94,157.97,178.03,0.95,-1,-1,-1
293,13,1441.51,202.38,42.98,24.96,0.23,-1,-1,-1
293,20,583.80,438.45,587.39,542.76,0.20,-1,-1,-1
293,19,1010.20,222.63,52.97,19.67,0.25,-1,-1,-1
294,1,1214.98,195.51,158.79,179.39,0.93,-1,-1,-1
294,13,1446.97,205.38,36.53,20.66,0.53,-1,-1,-1
294,19,1013.62,221.43,53.94,20.60,0.47,-1,-1,-1
295,1,1217.36,197.96,156.51,176.87,0.94,-1,-1,-1
296,1,1221.21,198.99,153.91,173.46,0.93,-1,-1,-1
296,13,1452.00,207.69,37.82,21.25,0.66,-1,-1,-1
296,19,1038.59,220.43,66.82,24.51,0.37,-1,-1,-1
297,1,1222.43,201.27,152.08,170.81,0.92,-1,-1,-1
297,13,1454.48,209.07,34.34,18.74,0.60,-1,-1,-1
297,19,1026.42,222.73,53.93,20.64,0.39,-1,-1,-1
298,1,1224.83,201.28,152.96,171.18,0.92,-1,-1,-1
298,13,1456.01,203.24,43.22,23.92,0.58,-1,-1,-1
298,19,1026.33,224.28,43.64,17.46,0.29,-1,-1,-1
298,20,593.40,443.57,576.02,536.66,0.24,-1,-1,-1
299,1,1225.68,201.57,153.64,171.67,0.93,-1,-1,-1
299,13,1456.18,204.54,44.07,24.56,0.65,-1,-1,-1
299,19,1026.41,224.11,41.83,17.37,0.24,-1,-1,-1
300,1,1225.85,201.22,154.28,172.06,0.92,-1,-1,-1
300,13,1458.04,204.26,42.96,23.92,0.33,-1,-1,-1
301,1,1227.59,199.80,156.20,174.11,0.93,-1,-1,-1
301,13,1459.66,203.37,44.10,24.74,0.69,-1,-1,-1
301,20,595.61,443.81,575.30,536.82,0.36,-1,-1,-1
301,19,1030.42,224.54,41.01,17.63,0.26,-1,-1,-1
302,1,1228.71,200.13,156.07,173.86,0.92,-1,-1,-1
302,13,1457.08,199.18,50.84,29.24,0.69,-1,-1,-1
302,20,595.15,440.86,577.11,540.48,0.34,-1,-1,-1
302,19,1034.37,223.56,40.98,17.97,0.51,-1,-1,-1
303,1,1233.56,203.87,152.75,169.27,0.75,-1,-1,-1
303,13,1464.35,207.05,41.03,22.67,0.66,-1,-1,-1
303,20,591.31,432.61,582.37,549.76,0.38,-1,-1,-1
304,1,1235.77,206.51,150.44,165.82,0.88,-1,-1,-1
304,13,1465.96,203.63,46.84,26.23,0.56,-1,-1,-1
304,20,588.51,426.67,586.58,556.89,0.38,-1,-1,-1
304,19,1039.85,222.88,41.77,18.53,0.58,-1,-1,-1
305,1,1234.30,203.90,153.23,169.05,0.86,-1,-1,-1
305,13,1467.22,206.78,41.80,23.29,0.76,-1,-1,-1
305,20,590.11,424.86,584.83,558.03,0.38,-1,-1,-1
305,19,1041.51,223.62,39.28,17.41,0.21,-1,-1,-1
306,1,1240.62,211.07,147.86,161.42,0.93,-1,-1,-1
306,13,1472.77,202.13,43.50,24.36,0.27,-1,-1,-1
306,20,593.63,427.24,579.98,556.01,0.40,-1,-1,-1
306,19,1043.17,224.22,37.92,17.34,0.33,-1,-1,-1
307,1,1241.21,210.53,148.83,161.36,0.95,-1,-1,-1
307,13,1474.93,202.31,41.19,23.02,0.44,-1,-1,-1
307,20,593.82,424.77,579.42,557.96,0.42,-1,-1,-1
307,19,1043.89,223.26,38.73,18.16,0.43,-1,-1,-1
308,1,1239.65,201.06,158.70,173.09,0.94,-1,-1,-1
308,13,1478.17,202.90,43.19,24.49,0.49,-1,-1,-1
308,20,593.43,421.41,581.56,560.07,0.33,-1,-1,-1
309,1,1241.30,201.84,158.57,173.11,0.95,-1,-1,-1
309,13,1480.98,206.60,39.84,22.37,0.56,-1,-1,-1
309,20,593.81,414.78,587.01,567.05,0.25,-1,-1,-1
309,19,1050.75,225.49,34.83,16.48,0.43,-1,-1,-1
310,1,1247.36,209.62,153.86,166.53,0.93,-1,-1,-1
310,13,1478.41,198.80,54.69,31.34,0.61,-1,-1,-1
310,20,589.21,408.26,593.07,575.33,0.27,-1,-1,-1
311,1,1249.51,212.67,152.95,164.49,0.93,-1,-1,-1
311,13,1478.96,197.43,55.53,32.37,0.67,-1,-1,-1
311,20,585.51,404.72,598.58,582.12,0.21,-1,-1,-1
312,1,1249.06,210.24,154.89,165.87,0.96,-1,-1,-1
312,13,1482.26,202.15,47.92,28.02,0.65,-1,-1,-1
312,20,587.12,404.26,596.62,582.35,0.25,-1,-1,-1
312,27,715.80,220.03,39.05,20.73,0.30,-1,-1,-1
313,1,1254.65,217.54,148.42,157.12,0.92,-1,-1,-1
313,13,1487.85,206.00,40.97,23.52,0.28,-1,-1,-1
313,20,592.92,406.03,593.95,580.28,0.32,-1,-1,-1
314,1,1251.93,208.58,157.01,166.28,0.93,-1,-1,-1
314,13,1487.42,201.57,47.10,27.32,0.20,-1,-1,-1
314,20,592.45,404.93,593.97,580.79,0.27,-1,-1,-1
315,1,1254.68,204.56,160.38,170.33,0.95,-1,-1,-1
315,13,1489.26,199.31,51.30,30.01,0.39,-1,-1,-1
315,20,593.85,401.42,598.80,585.96,0.25,-1,-1,-1
316,1,1257.28,206.37,157.75,167.24,0.96,-1,-1,-1
316,13,1491.20,199.56,49.16,28.97,0.48,-1,-1,-1
316,20,594.27,399.84,600.47,587.96,0.26,-1,-1,-1
317,1,1259.99,214.52,152.27,160.25,0.94,-1,-1,-1
317,13,1496.37,204.49,41.38,23.39,0.26,-1,-1,-1
317,20,595.77,399.13,600.03,588.19,0.26,-1,-1,-1
318,1,1259.71,204.93,159.58,168.67,0.96,-1,-1,-1
318,13,1493.11,196.28,54.82,31.87,0.61,-1,-1,-1
318,20,598.11,405.28,590.97,579.25,0.25,-1,-1,-1
319,1,1258.88,200.17,163.10,173.33,0.95,-1,-1,-1
319,13,1495.52,199.76,51.40,29.89,0.56,-1,-1,-1
319,20,597.68,404.41,591.50,579.38,0.27,-1,-1,-1
320,1,1262.15,198.62,163.33,174.31,0.93,-1,-1,-1
321,1,1263.08,198.13,162.88,174.64,0.94,-1,-1,-1
321,13,1505.20,202.16,44.85,25.93,0.34,-1,-1,-1
322,1,1267.99,199.23,160.84,172.56,0.93,-1,-1,-1
322,19,1092.68,220.03,57.08,25.48,0.35,-1,-1,-1
323,1,1268.88,198.83,161.32,173.43,0.93,-1,-1,-1
323,19,1088.92,222.62,48.36,21.60,0.24,-1,-1,-1
323,13,1512.49,203.86,38.65,22.02,0.28,-1,-1,-1
324,1,1269.21,197.90,161.41,173.81,0.93,-1,-1,-1
324,19,1089.35,221.66,51.88,22.36,0.26,-1,-1,-1
324,13,1513.97,206.23,35.86,19.86,0.21,-1,-1,-1
325,1,1274.44,206.93,155.41,166.37,0.93,-1,-1,-1
325,20,604.67,409.42,593.80,576.86,0.23,-1,-1,-1
326,1,1273.14,202.31,159.91,171.54,0.93,-1,-1,-1
326,20,605.86,409.86,597.08,577.49,0.20,-1,-1,-1
326,19,1087.02,223.63,44.62,19.66,0.21,-1,-1,-1
327,1,1279.14,206.94,155.27,165.81,0.92,-1,-1,-1
327,13,1524.83,206.34,48.00,26.23,0.36,-1,-1,-1
328,1,1277.94,201.06,160.86,172.55,0.94,-1,-1,-1
328,13,1522.76,203.83,49.29,27.15,0.45,-1,-1,-1
328,19,1088.54,225.22,39.50,18.24,0.49,-1,-1,-1
329,1,1281.39,209.39,154.26,164.51,0.93,-1,-1,-1
329,13,1522.54,202.10,54.13,30.01,0.51,-1,-1,-1
329,19,1089.90,225.69,35.16,16.95,0.44,-1,-1,-1
330,1,1281.87,202.06,160.18,171.55,0.94,-1,-1,-1
330,13,1526.22,203.13,53.19,29.43,0.30,-1,-1,-1
331,1,1282.87,198.32,161.93,174.00,0.94,-1,-1,-1
331,13,1525.38,201.16,52.58,29.33,0.50,-1,-1,-1
331,19,1104.58,223.64,52.20,24.51,0.42,-1,-1,-1
332,1,1288.34,201.70,158.99,170.29,0.94,-1,-1,-1
332,20,583.88,350.30,627.41,604.50,0.21,-1,-1,-1
333,1,1289.18,200.68,159.87,171.35,0.71,-1,-1,-1
333,20,579.13,343.19,634.35,609.80,0.21,-1,-1,-1
333,13,1524.13,194.14,60.51,34.93,0.57,-1,-1,-1
333,19,1107.04,224.69,51.15,23.92,0.54,-1,-1,-1
334,1,1292.28,200.52,161.12,172.85,0.93,-1,-1,-1
334,20,579.92,339.03,642.68,617.74,0.23,-1,-1,-1
334,13,1529.24,196.17,55.01,32.11,0.54,-1,-1,-1
334,19,1109.95,222.73,54.37,25.78,0.24,-1,-1,-1
335,1,1292.80,201.11,162.05,174.14,0.88,-1,-1,-1
335,20,584.42,338.88,642.04,617.45,0.22,-1,-1,-1
335,13,1534.22,202.44,44.52,25.74,0.46,-1,-1,-1
335,19,1113.20,222.07,53.62,25.11,0.27,-1,-1,-1
336,1,1301.03,221.07,145.39,152.99,0.92,-1,-1,-1
336,20,579.78,335.29,648.12,623.28,0.22,-1,-1,-1
336,13,1532.94,196.44,52.83,31.10,0.41,-1,-1,-1
337,1,1297.55,205.27,160.26,169.51,0.95,-1,-1,-1
337,13,1538.45,199.42,47.99,27.96,0.33,-1,-1,-1
337,19,1112.09,225.04,49.64,23.35,0.38,-1,-1,-1
338,1,1300.83,211.70,154.49,161.94,0.92,-1,-1,-1
338,13,1543.81,203.38,42.21,24.06,0.35,-1,-1,-1
338,19,1115.64,224.52,53.18,25.02,0.52,-1,-1,-1
339,1,1303.13,203.46,159.87,168.18,0.95,-1,-1,-1
339,13,1549.92,204.09,42.49,23.74,0.28,-1,-1,-1
339,20,602.05,417.81,586.50,557.63,0.30,-1,-1,-1
340,1,1301.97,195.67,166.21,176.17,0.95,-1,-1,-1
340,20,605.28,430.88,580.04,546.61,0.25,-1,-1,-1
340,19,1117.33,221.40,60.68,27.92,0.52,-1,-1,-1
341,1,1302.29,194.58,166.71,177.74,0.95,-1,-1,-1
341,20,606.57,438.92,575.95,538.61,0.25,-1,-1,-1
341,19,1120.38,223.20,54.22,25.03,0.63,-1,-1,-1
341,13,1549.30,206.06,41.62,22.80,0.28,-1,-1,-1
342,1,1306.86,200.37,161.66,171.84,0.94,-1,-1,-1
342,19,1125.22,224.19,51.78,24.13,0.28,-1,-1,-1
342,13,1556.19,209.25,39.33,21.09,0.26,-1,-1,-1
343,1,1307.70,199.66,163.59,174.24,0.90,-1,-1,-1
343,19,1127.16,224.45,48.82,22.82,0.48,-1,-1,-1
343,13,1551.40,206.33,48.30,26.15,0.20,-1,-1,-1
344,1,1311.53,199.22,162.06,173.03,0.92,-1,-1,-1
344,19,1131.56,224.22,45.09,21.03,0.43,-1,-1,-1
345,1,1311.19,196.77,164.02,175.83,0.72,-1,-1,-1
345,19,1132.83,224.62,47.55,22.03,0.46,-1,-1,-1
346,1,1314.24,195.37,164.36,176.82,0.92,-1,-1,-1
346,19,1138.14,224.90,46.82,21.85,0.33,-1,-1,-1
346,20,619.03,450.87,572.91,529.10,0.26,-1,-1,-1
346,13,1561.91,202.55,52.65,28.98,0.30,-1,-1,-1
347,1,1316.09,196.05,163.10,175.89,0.92,-1,-1,-1
347,13,1561.30,198.77,58.23,33.06,0.45,-1,-1,-1
348,1,1315.27,194.15,164.95,178.65,0.93,-1,-1,-1
348,13,1561.99,198.20,56.73,32.55,0.24,-1,-1,-1
348,19,1143.00,224.65,38.30,17.74,0.34,-1,-1,-1
348,20,617.20,447.51,581.45,532.89,0.24,-1,-1,-1
349,1,1319.05,195.84,163.84,177.56,0.93,-1,-1,-1
349,13,1566.13,200.90,52.64,30.08,0.33,-1,-1,-1
350,1,1321.24,197.72,161.76,175.15,0.92,-1,-1,-1
350,13,1563.82,196.90,60.03,35.06,0.47,-1,-1,-1
351,1,1326.73,204.29,156.54,168.69,0.95,-1,-1,-1
351,13,1567.79,197.10,57.36,34.24,0.41,-1,-1,-1
351,19,1145.24,224.75,37.69,17.33,0.36,-1,-1,-1
351,20,614.48,442.21,593.89,541.70,0.32,-1,-1,-1
352,1,1329.69,208.69,153.06,163.83,0.93,-1,-1,-1
352,13,1571.61,198.72,52.35,31.53,0.25,-1,-1,-1
352,32,1239.67,210.40,33.07,12.06,0.23,-1,-1,-1
352,19,1146.67,224.64,38.22,17.44,0.47,-1,-1,-1
352,20,606.96,437.28,603.50,548.19,0.39,-1,-1,-1
353,1,1326.04,201.87,160.22,172.14,0.92,-1,-1,-1
353,20,607.40,436.37,604.90,548.22,0.31,-1,-1,-1
354,1,1332.44,208.90,153.86,164.10,0.91,-1,-1,-1
354,20,606.19,432.23,610.89,552.17,0.31,-1,-1,-1
354,34,87.59,205.80,78.34,31.97,0.46,-1,-1,-1
354,13,1580.98,202.46,43.71,25.83,0.20,-1,-1,-1
354,32,1240.05,208.62,37.25,13.64,0.21,-1,-1,-1
354,19,1158.19,224.37,40.19,18.01,0.28,-1,-1,-1
355,1,1339.33,225.69,142.30,148.74,0.93,-1,-1,-1
355,20,604.01,428.01,617.31,556.41,0.29,-1,-1,-1
355,34,85.90,204.97,87.25,35.62,0.36,-1,-1,-1
355,13,1578.02,196.52,50.86,30.49,0.48,-1,-1,-1
356,1,1338.37,212.60,152.76,159.18,0.75,-1,-1,-1
356,20,604.58,419.72,629.93,567.17,0.21,-1,-1,-1
356,34,96.18,204.93,87.34,35.76,0.49,-1,-1,-1
356,13,1580.05,197.65,50.03,30.11,0.21,-1,-1,-1
356,19,1172.56,222.93,57.41,24.43,0.28,-1,-1,-1
357,1,1338.69,212.99,154.08,159.62,0.92,-1,-1,-1
357,20,606.07,416.92,634.51,569.93,0.22,-1,-1,-1
357,34,94.84,206.85,81.01,33.29,0.39,-1,-1,-1
357,13,1579.97,197.70,50.12,30.55,0.48,-1,-1,-1
357,19,1165.05,223.71,49.29,21.29,0.56,-1,-1,-1
358,1,1339.73,208.80,159.21,164.85,0.96,-1,-1,-1
358,34,96.24,202.83,90.82,37.55,0.60,-1,-1,-1
358,13,1583.49,196.79,51.96,31.86,0.45,-1,-1,-1
359,1,1345.11,219.12,150.56,153.87,0.92,-1,-1,-1
359,34,89.73,203.49,91.09,38.12,0.37,-1,-1,-1
359,13,1583.17,193.57,56.96,35.65,0.54,-1,-1,-1
359,20,604.76,412.89,639.29,573.69,0.20,-1,-1,-1
359,19,1173.74,221.18,58.94,24.48,0.25,-1,-1,-1
360,1,1341.98,210.77,157.41,160.79,0.96,-1,-1,-1
360,34,92.90,200.47,96.16,40.63,0.65,-1,-1,-1
360,13,1586.02,195.86,53.29,33.45,0.47,-1,-1,-1
360,19,1177.69,222.74,61.34,24.24,0.38,-1,-1,-1
361,1,1340.63,203.02,165.33,169.95,0.83,-1,-1,-1
361,13,1589.82,195.54,53.28,33.83,0.32,-1,-1,-1
361,19,1171.39,223.36,55.50,22.06,0.64,-1,-1,-1
362,1,1344.74,208.27,159.62,163.17,0.92,-1,-1,-1
362,13,1593.33,198.27,52.31,32.93,0.25,-1,-1,-1
362,19,1168.92,224.59,47.38,18.79,0.22,-1,-1,-1
363,1,1345.65,201.93,165.04,169.66,0.95,-1,-1,-1
363,13,1599.34,199.48,49.35,30.86,0.37,-1,-1,-1
363,19,1170.18,224.84,48.21,19.33,0.47,-1,-1,-1
363,32,1261.04,209.39,32.73,12.12,0.28,-1,-1,-1
363,20,599.26,407.19,649.63,581.86,0.32,-1,-1,-1
364,1,1351.17,212.21,154.83,157.57,0.93,-1,-1,-1
364,19,1172.35,223.94,52.67,21.34,0.35,-1,-1,-1
364,32,1263.02,209.66,32.45,12.14,0.23,-1,-1,-1
364,20,598.57,408.03,648.75,580.69,0.32,-1,-1,-1
364,34,75.12,222.72,71.51,30.58,0.31,-1,-1,-1
365,1,1353.03,216.52,151.64,153.08,0.93,-1,-1,-1
365,19,1172.85,223.95,52.19,21.23,0.68,-1,-1,-1
365,32,1261.90,209.69,31.41,11.97,0.21,-1,-1,-1
365,20,598.51,409.01,648.81,580.16,0.31,-1,-1,-1
365,34,81.91,230.25,58.21,25.05,0.28,-1,-1,-1
365,13,1600.73,202.29,42.31,26.16,0.29,-1,-1,-1
366,1,1354.28,214.16,155.17,156.22,0.92,-1,-1,-1
366,19,1174.70,222.87,54.86,22.55,0.60,-1,-1,-1
366,20,601.05,412.06,644.04,574.68,0.42,-1,-1,-1
366,13,1600.77,197.13,49.14,30.50,0.27,-1,-1,-1
367,1,1356.30,219.39,152.76,152.77,0.93,-1,-1,-1
367,19,1177.03,222.90,58.07,23.97,0.45,-1,-1,-1
367,20,601.42,417.35,640.19,569.50,0.43,-1,-1,-1
367,32,1266.33,209.61,32.34,12.18,0.25,-1,-1,-1
368,1,1352.22,202.10,168.21,170.10,0.94,-1,-1,-1
368,19,1178.27,223.84,53.44,22.39,0.43,-1,-1,-1
368,20,604.36,414.72,645.48,572.87,0.41,-1,-1,-1
368,32,1267.61,209.99,30.98,11.62,0.37,-1,-1,-1
368,13,1604.33,197.64,49.84,31.16,0.26,-1,-1,-1
369,1,1354.15,203.15,165.41,167.66,0.92,-1,-1,-1
369,19,1180.12,224.59,47.05,19.92,0.39,-1,-1,-1
369,20,606.32,413.61,647.49,573.89,0.40,-1,-1,-1
369,32,1268.49,209.87,30.83,11.56,0.30,-1,-1,-1
369,13,1606.19,192.39,57.85,36.30,0.26,-1,-1,-1
370,1,1356.45,201.02,168.24,171.46,0.95,-1,-1,-1
370,19,1184.58,224.68,41.99,18.11,0.56,-1,-1,-1
370,20,614.28,412.74,651.69,573.95,0.31,-1,-1,-1
370,13,1609.27,195.59,53.52,33.54,0.41,-1,-1,-1
370,34,85.61,226.58,69.82,30.54,0.39,-1,-1,-1
371,1,1356.64,198.01,170.62,175.15,0.91,-1,-1,-1
371,19,1186.91,224.72,38.61,16.71,0.25,-1,-1,-1
371,20,617.74,414.34,653.41,571.70,0.32,-1,-1,-1
371,13,1604.77,190.19,61.51,39.23,0.42,-1,-1,-1
372,1,1356.60,197.16,171.31,177.08,0.97,-1,-1,-1
372,19,1185.94,224.84,37.30,16.36,0.50,-1,-1,-1
372,20,614.90,414.46,654.91,570.78,0.21,-1,-1,-1
372,13,1608.20,193.71,56.10,35.64,0.42,-1,-1,-1
372,34,87.06,223.21,70.20,31.36,0.29,-1,-1,-1
373,1,1359.12,197.84,168.81,175.32,0.94,-1,-1,-1
373,19,1192.84,223.92,40.80,17.54,0.52,-1,-1,-1
373,20,614.68,419.51,649.49,564.44,0.29,-1,-1,-1
373,13,1614.37,198.03,50.57,31.48,0.25,-1,-1,-1
374,1,1358.96,195.32,169.73,177.47,0.93,-1,-1,-1
374,19,1191.87,222.88,47.13,20.19,0.79,-1,-1,-1
374,20,613.80,421.23,648.26,562.69,0.25,-1,-1,-1
374,13,1611.91,197.80,52.77,32.70,0.27,-1,-1,-1
375,1,1361.69,195.16,169.18,177.75,0.93,-1,-1,-1
375,19,1197.70,223.37,51.81,21.77,0.77,-1,-1,-1
375,20,612.60,430.26,637.60,551.18,0.31,-1,-1,-1
375,13,1615.64,200.49,50.99,31.55,0.47,-1,-1,-1
376,1,1362.77,194.63,168.14,177.36,0.93,-1,-1,-1
376,19,1193.59,223.37,49.73,21.15,0.73,-1,-1,-1
376,20,608.33,427.92,641.66,553.50,0.25,-1,-1,-1
376,13,1614.68,194.66,57.47,35.85,0.58,-1,-1,-1
376,39,1616.28,148.80,88.46,39.21,0.30,-1,-1,-1
377,1,1365.51,199.60,163.38,172.22,0.93,-1,-1,-1
377,19,1193.26,224.27,45.42,19.46,0.67,-1,-1,-1
377,20,609.84,429.89,639.17,550.04,0.25,-1,-1,-1
377,13,1617.35,196.85,52.89,32.81,0.41,-1,-1,-1
377,34,77.82,219.57,76.15,33.47,0.23,-1,-1,-1
378,1,1368.63,203.38,160.13,168.29,0.48,-1,-1,-1
378,19,1197.39,223.20,43.81,18.65,0.60,-1,-1,-1
378,20,619.77,434.49,636.75,543.34,0.43,-1,-1,-1
378,13,1618.36,198.44,51.68,31.47,0.32,-1,-1,-1
379,1,1368.48,202.29,161.52,169.78,0.92,-1,-1,-1
379,19,1196.87,224.09,42.11,17.86,0.57,-1,-1,-1
379,20,626.42,432.94,640.83,543.68,0.22,-1,-1,-1
379,13,1620.70,197.85,51.31,31.33,0.33,-1,-1,-1
379,39,1613.73,150.00,87.79,39.00,0.23,-1,-1,-1
380,1,1373.11,207.62,156.33,163.25,0.95,-1,-1,-1
380,19,1199.99,223.51,44.11,18.55,0.29,-1,-1,-1
380,13,1624.20,200.26,45.02,27.37,0.22,-1,-1,-1
380,34,112.79,224.79,61.93,28.82,0.48,-1,-1,-1
381,1,1371.18,201.70,162.76,170.48,0.89,-1,-1,-1
381,13,1624.13,198.53,52.69,32.20,0.33,-1,-1,-1
381,34,129.52,219.15,64.37,30.48,0.50,-1,-1,-1
381,20,622.75,433.44,644.41,546.29,0.24,-1,-1,-1
382,1,1383.04,226.22,142.90,145.75,0.93,-1,-1,-1
382,13,1625.53,198.76,52.88,32.19,0.26,-1,-1,-1
382,34,128.19,220.85,61.57,30.47,0.52,-1,-1,-1
382,20,621.20,427.31,658.22,556.07,0.32,-1,-1,-1
383,1,1382.89,225.59,144.47,145.63,0.92,-1,-1,-1
383,13,1629.71,199.75,48.46,29.31,0.26,-1,-1,-1
383,34,110.03,221.10,65.03,31.92,0.24,-1,-1,-1
383,20,619.96,426.41,663.37,558.24,0.22,-1,-1,-1
384,1,1381.59,223.94,147.61,147.54,0.91,-1,-1,-1
384,20,620.66,427.72,664.12,556.92,0.25,-1,-1,-1
384,19,1203.56,219.80,48.33,20.90,0.55,-1,-1,-1
385,1,1387.35,233.30,140.95,138.12,0.93,-1,-1,-1
385,20,615.72,420.98,671.00,562.52,0.20,-1,-1,-1
385,19,1206.80,222.59,42.85,18.86,0.59,-1,-1,-1
385,13,1630.33,196.77,55.01,33.52,0.37,-1,-1,-1
385,34,132.16,212.85,71.25,35.34,0.39,-1,-1,-1
386,1,1389.56,238.34,138.66,133.25,0.92,-1,-1,-1
386,19,1209.39,223.86,40.37,18.04,0.61,-1,-1,-1
386,39,1671.58,150.82,75.62,33.96,0.21,-1,-1,-1
387,1,1382.69,218.52,158.17,152.32,0.96,-1,-1,-1
387,19,1200.74,222.32,44.68,19.41,0.73,-1,-1,-1
388,1,1387.56,228.63,149.45,141.81,0.93,-1,-1,-1
388,19,1198.73,224.07,42.36,17.79,0.55,-1,-1,-1
388,13,1636.02,197.67,49.48,30.07,0.37,-1,-1,-1
388,34,143.43,207.44,68.57,34.53,0.31,-1,-1,-1
389,1,1383.46,219.88,158.61,150.50,0.93,-1,-1,-1
389,19,1200.53,224.25,42.10,17.43,0.65,-1,-1,-1
390,1,1383.06,214.09,163.24,155.15,0.92,-1,-1,-1
390,19,1207.71,223.68,43.11,17.95,0.58,-1,-1,-1
390,32,1306.06,210.04,30.50,11.75,0.22,-1,-1,-1
391,1,1381.62,212.10,166.30,158.49,0.92,-1,-1,-1
391,19,1211.93,222.75,42.55,17.79,0.77,-1,-1,-1
392,1,1383.07,209.85,168.51,161.15,0.92,-1,-1,-1
392,19,1214.67,223.13,40.25,17.00,0.40,-1,-1,-1
392,13,1638.81,200.62,45.96,27.22,0.39,-1,-1,-1
392,34,124.38,216.08,68.18,35.03,0.62,-1,-1,-1
393,1,1381.83,205.75,172.43,165.98,0.96,-1,-1,-1
393,19,1214.96,222.87,40.15,17.11,0.83,-1,-1,-1
393,13,1641.77,204.58,42.21,23.81,0.28,-1,-1,-1
393,34,133.36,219.49,60.52,32.00,0.25,-1,-1,-1
394,1,1385.17,209.26,169.28,163.14,0.91,-1,-1,-1
394,19,1219.19,223.31,39.08,16.55,0.23,-1,-1,-1
395,1,1382.29,201.85,176.20,171.45,0.88,-1,-1,-1
395,19,1219.79,222.85,40.03,17.07,0.74,-1,-1,-1
395,34,136.23,226.92,51.36,27.14,0.37,-1,-1,-1
396,1,1389.81,217.45,161.57,155.79,0.92,-1,-1,-1
396,19,1219.03,222.37,41.25,17.65,0.76,-1,-1,-1
397,1,1384.91,202.07,176.49,172.13,0.95,-1,-1,-1
397,19,1219.30,222.74,39.16,16.90,0.62,-1,-1,-1
397,34,142.17,224.73,54.05,28.90,0.43,-1,-1,-1
398,1,1385.26,199.01,177.53,174.48,0.92,-1,-1,-1
398,19,1221.45,222.70,40.47,17.39,0.59,-1,-1,-1
398,34,142.08,226.41,51.87,27.57,0.23,-1,-1,-1
399,1,1387.03,197.38,178.59,177.06,0.94,-1,-1,-1
399,19,1223.98,222.84,39.85,17.33,0.47,-1,-1,-1
399,34,142.29,225.42,53.82,28.71,0.21,-1,-1,-1
400,1,1388.04,196.59,177.90,177.70,0.95,-1,-1,-1
400,34,141.58,223.52,54.76,29.93,0.32,-1,-1,-1
401,1,1391.20,202.28,170.99,170.92,0.96,-1,-1,-1
401,34,144.66,225.54,51.69,28.63,0.51,-1,-1,-1
401,20,610.30,431.04,652.62,547.32,0.22,-1,-1,-1
401,19,1226.25,223.37,38.73,16.92,0.39,-1,-1,-1
402,1,1392.79,200.83,171.88,172.75,0.94,-1,-1,-1
402,34,148.56,225.05,49.35,27.53,0.25,-1,-1,-1
402,19,1229.96,223.98,42.95,18.49,0.41,-1,-1,-1
402,32,1319.35,209.10,30.17,11.34,0.20,-1,-1,-1
403,1,1391.66,197.40,175.46,177.81,0.95,-1,-1,-1
403,19,1229.82,223.26,42.81,18.42,0.58,-1,-1,-1
403,13,1652.05,201.46,48.24,26.71,0.30,-1,-1,-1
404,1,1393.44,195.21,175.63,179.52,0.95,-1,-1,-1
404,19,1234.11,222.99,44.08,18.70,0.34,-1,-1,-1
404,13,1654.03,196.80,54.92,31.08,0.38,-1,-1,-1
405,1,1394.91,194.42,174.50,179.59,0.95,-1,-1,-1
405,19,1238.72,223.79,45.18,18.63,0.65,-1,-1,-1
406,1,1397.82,195.31,172.44,178.30,0.95,-1,-1,-1
406,19,1238.59,223.60,50.01,20.32,0.58,-1,-1,-1
407,1,1398.43,194.28,172.04,178.81,0.95,-1,-1,-1
407,19,1232.28,224.02,49.32,20.42,0.52,-1,-1,-1
407,34,162.96,229.69,41.64,22.48,0.22,-1,-1,-1
408,1,1397.81,192.78,173.89,181.82,0.95,-1,-1,-1
408,19,1230.79,223.42,49.60,20.94,0.41,-1,-1,-1
409,1,1401.58,194.65,169.16,177.19,0.94,-1,-1,-1
409,19,1234.71,222.28,51.41,21.53,0.54,-1,-1,-1
409,13,1664.95,200.37,56.24,31.28,0.20,-1,-1,-1
409,34,170.25,225.10,50.01,26.51,0.45,-1,-1,-1
410,1,1401.60,194.06,169.99,178.73,0.95,-1,-1,-1
410,19,1237.85,222.54,49.45,20.33,0.50,-1,-1,-1
411,1,1405.81,197.44,164.27,172.52,0.94,-1,-1,-1
411,19,1238.32,223.64,51.63,21.33,0.20,-1,-1,-1
412,1,1406.47,198.19,163.62,171.88,0.94,-1,-1,-1
412,19,1238.24,223.89,47.18,19.68,0.53,-1,-1,-1
413,1,1406.70,198.26,163.17,171.31,0.94,-1,-1,-1
413,19,1239.12,223.96,49.98,20.73,0.25,-1,-1,-1
414,1,1407.78,196.58,164.13,172.22,0.93,-1,-1,-1
414,19,1239.83,223.62,46.35,19.33,0.59,-1,-1,-1
415,1,1406.23,192.97,168.06,176.94,0.93,-1,-1,-1
415,19,1237.19,223.15,48.79,20.54,0.75,-1,-1,-1
416,1,1409.84,198.65,161.80,169.59,0.91,-1,-1,-1
416,19,1238.48,224.22,46.23,19.72,0.38,-1,-1,-1
416,34,173.65,230.88,40.89,20.76,0.22,-1,-1,-1
417,1,1409.09,196.69,163.42,171.37,0.92,-1,-1,-1
417,20,637.22,332.62,699.46,608.91,0.21,-1,-1,-1
418,1,1408.72,193.80,166.74,175.53,0.93,-1,-1,-1
418,20,651.75,330.95,677.75,609.29,0.21,-1,-1,-1
418,19,1240.69,223.36,44.01,18.80,0.50,-1,-1,-1
418,34,171.09,224.47,52.47,27.89,0.35,-1,-1,-1
419,1,1408.70,192.74,167.09,176.46,0.92,-1,-1,-1
419,20,659.18,331.31,665.18,610.18,0.22,-1,-1,-1
419,19,1243.42,223.27,47.16,19.90,0.49,-1,-1,-1
419,34,175.39,225.33,48.47,26.34,0.26,-1,-1,-1
420,1,1407.99,189.98,169.00,179.42,0.93,-1,-1,-1
420,19,1250.40,222.99,52.40,21.52,0.51,-1,-1,-1
420,34,170.53,223.57,51.45,28.53,0.33,-1,-1,-1
421,1,1410.69,192.22,166.27,176.75,0.91,-1,-1,-1
421,34,173.65,223.79,52.03,29.53,0.55,-1,-1,-1
421,13,1676.54,196.82,61.97,33.45,0.35,-1,-1,-1
421,20,659.73,332.91,654.94,606.59,0.20,-1,-1,-1
422,1,1411.65,191.45,166.27,177.09,0.92,-1,-1,-1
422,13,1676.85,195.65,64.14,34.15,0.35,-1,-1,-1
423,1,1415.08,195.88,161.59,171.54,0.91,-1,-1,-1
423,13,1678.01,195.75,63.75,33.96,0.29,-1,-1,-1
423,19,1253.43,222.41,52.67,21.64,0.32,-1,-1,-1
424,1,1416.73,199.49,158.45,167.44,0.92,-1,-1,-1
424,13,1678.87,198.72,60.16,31.97,0.23,-1,-1,-1
424,19,1252.91,221.88,57.51,23.61,0.63,-1,-1,-1
425,1,1413.65,192.94,164.74,174.53,0.92,-1,-1,-1
425,19,1251.04,222.88,48.00,19.97,0.26,-1,-1,-1
426,1,1415.40,194.85,162.37,171.85,0.91,-1,-1,-1
426,19,1254.20,221.09,55.75,23.26,0.79,-1,-1,-1
426,20,664.97,335.75,641.54,599.99,0.27,-1,-1,-1
426,13,1675.34,198.01,62.20,33.77,0.28,-1,-1,-1
427,1,1415.65,195.67,162.87,172.36,0.91,-1,-1,-1
427,19,1255.96,221.08,59.29,24.38,0.65,-1,-1,-1
427,20,662.78,331.78,643.97,606.27,0.24,-1,-1,-1
428,1,1417.93,198.12,161.20,170.28,0.92,-1,-1,-1
428,19,1253.79,221.89,59.84,24.66,0.74,-1,-1,-1
428,20,672.13,334.55,636.65,602.54,0.33,-1,-1,-1
428,13,1678.24,200.07,56.35,30.78,0.20,-1,-1,-1
429,1,1418.05,196.99,162.28,171.39,0.92,-1,-1,-1
429,19,1253.23,221.39,60.58,25.33,0.77,-1,-1,-1
429,20,674.82,335.85,631.72,600.52,0.31,-1,-1,-1
430,1,1416.82,193.80,166.62,176.50,0.93,-1,-1,-1
430,19,1252.71,221.53,60.00,25.28,0.68,-1,-1,-1
430,20,670.97,331.91,641.67,611.37,0.21,-1,-1,-1
431,1,1415.29,190.90,169.97,180.94,0.92,-1,-1,-1
431,19,1256.68,222.51,50.15,21.13,0.65,-1,-1,-1
431,20,671.83,331.48,641.65,612.02,0.26,-1,-1,-1
432,1,1415.96,193.50,168.29,179.38,0.93,-1,-1,-1
432,19,1263.19,222.80,54.37,22.50,0.72,-1,-1,-1
432,20,674.47,332.30,638.47,610.17,0.26,-1,-1,-1
433,1,1419.48,198.43,163.06,173.31,0.93,-1,-1,-1
433,19,1260.64,223.23,45.86,19.21,0.31,-1,-1,-1
433,20,679.82,332.92,632.54,606.37,0.20,-1,-1,-1
433,34,181.81,222.34,49.89,29.02,0.40,-1,-1,-1
433,13,1678.89,203.50,49.21,26.75,0.21,-1,-1,-1
434,1,1420.05,197.91,163.05,173.14,0.92,-1,-1,-1
434,19,1261.60,223.02,48.53,20.09,0.37,-1,-1,-1
434,20,681.48,332.87,628.91,605.06,0.21,-1,-1,-1
435,1,1420.87,200.07,163.28,173.52,0.94,-1,-1,-1
435,20,681.51,329.68,630.39,607.58,0.31,-1,-1,-1
435,45,116.66,241.12,30.00,13.92,0.27,-1,-1,-1
435,34,184.54,229.41,40.79,22.70,0.28,-1,-1,-1
435,13,1679.52,199.73,54.13,29.20,0.21,-1,-1,-1
436,1,1420.42,197.71,164.94,175.74,0.93,-1,-1,-1
436,20,680.26,327.27,633.35,611.13,0.24,-1,-1,-1
436,45,113.00,237.09,37.38,17.37,0.32,-1,-1,-1
436,34,181.55,228.04,45.65,24.93,0.22,-1,-1,-1
436,13,1676.39,197.58,57.60,31.35,0.32,-1,-1,-1
436,19,1260.85,222.34,45.58,19.02,0.56,-1,-1,-1
437,1,1419.34,194.65,167.57,179.30,0.94,-1,-1,-1
437,20,682.12,327.18,631.79,611.30,0.25,-1,-1,-1
437,19,1261.16,222.00,43.42,18.21,0.34,-1,-1,-1
438,1,1421.77,195.97,165.79,177.55,0.93,-1,-1,-1
438,20,687.78,328.09,625.10,605.82,0.37,-1,-1,-1
438,19,1263.03,221.99,41.45,17.52,0.59,-1,-1,-1
438,13,1674.05,194.00,64.09,35.14,0.27,-1,-1,-1
439,1,1428.17,209.77,153.79,162.38,0.90,-1,-1,-1
439,20,687.39,329.18,622.46,603.72,0.33,-1,-1,-1
439,19,1263.06,222.39,43.24,18.35,0.65,-1,-1,-1
439,45,119.74,238.65,32.09,14.95,0.30,-1,-1,-1
440,1,1431.67,216.65,148.57,154.75,0.91,-1,-1,-1
440,20,684.49,327.88,623.47,604.64,0.35,-1,-1,-1
440,19,1263.51,222.40,44.46,19.03,0.52,-1,-1,-1
440,13,1672.67,192.83,63.64,35.19,0.49,-1,-1,-1
441,1,1423.82,200.12,164.06,171.95,0.93,-1,-1,-1
441,20,684.15,327.53,622.84,604.46,0.34,-1,-1,-1
441,19,1271.24,220.92,50.55,20.99,0.27,-1,-1,-1
441,34,149.93,226.70,59.17,28.34,0.46,-1,-1,-1
442,1,1426.83,202.46,161.33,168.32,0.84,-1,-1,-1
442,20,686.98,328.33,621.68,605.46,0.22,-1,-1,-1
442,19,1276.00,219.68,58.13,23.03,0.46,-1,-1,-1
442,34,141.69,231.39,54.53,24.55,0.62,-1,-1,-1
443,1,1435.14,221.60,145.94,148.76,0.92,-1,-1,-1
443,20,684.75,327.00,623.30,607.67,0.29,-1,-1,-1
443,19,1273.72,221.19,54.39,21.19,0.55,-1,-1,-1
443,49,1675.44,152.98,62.57,31.91,0.48,-1,-1,-1
443,45,132.16,239.19,34.72,15.97,0.26,-1,-1,-1
444,1,1432.36,217.96,151.77,153.45,0.91,-1,-1,-1
444,20,686.66,325.45,625.37,611.27,0.22,-1,-1,-1
444,19,1270.22,222.30,49.15,18.96,0.64,-1,-1,-1
444,45,133.09,237.66,39.04,17.78,0.24,-1,-1,-1
445,1,1427.54,204.65,163.88,166.48,0.94,-1,-1,-1
445,19,1272.28,221.70,53.51,20.23,0.37,-1,-1,-1
446,1,1436.22,224.13,148.25,147.20,0.92,-1,-1,-1
446,19,1273.28,221.33,56.34,20.75,0.63,-1,-1,-1
446,20,684.98,325.41,630.05,615.17,0.21,-1,-1,-1
446,45,135.37,237.99,38.53,17.38,0.39,-1,-1,-1
447,1,1438.89,230.07,144.84,141.22,0.93,-1,-1,-1
447,19,1267.08,222.13,50.70,18.93,0.69,-1,-1,-1
447,52,264.80,196.06,61.38,37.45,0.22,-1,-1,-1
447,45,138.05,237.77,40.62,17.85,0.25,-1,-1,-1
448,1,1427.46,206.44,168.08,165.52,0.94,-1,-1,-1
448,19,1269.96,220.20,61.06,22.54,0.79,-1,-1,-1
448,52,267.26,197.93,61.20,37.43,0.56,-1,-1,-1
449,1,1429.38,210.01,164.63,161.52,0.92,-1,-1,-1
449,19,1263.18,221.74,53.05,19.76,0.71,-1,-1,-1
449,45,138.08,238.23,38.17,16.61,0.28,-1,-1,-1
450,1,1428.95,208.69,166.00,162.93,0.93,-1,-1,-1
450,19,1273.22,220.93,57.48,20.99,0.61,-1,-1,-1
451,1,1425.29,200.07,173.09,171.29,0.94,-1,-1,-1
451,34,112.18,240.31,39.19,15.46,0.26,-1,-1,-1
452,1,1431.59,208.84,163.94,161.15,0.97,-1,-1,-1
452,13,1691.14,200.57,50.83,28.57,0.33,-1,-1,-1
452,20,695.88,330.65,618.57,604.56,0.28,-1,-1,-1
452,45,139.00,241.19,31.17,13.27,0.23,-1,-1,-1
452,19,1253.67,220.66,63.09,23.24,0.46,-1,-1,-1
453,1,1429.04,202.48,170.76,168.84,0.67,-1,-1,-1
453,13,1695.84,200.72,50.60,28.52,0.27,-1,-1,-1
453,20,689.62,330.48,620.09,605.81,0.29,-1,-1,-1
453,19,1247.55,222.13,64.10,23.33,0.34,-1,-1,-1
453,34,108.45,240.38,45.33,16.21,0.30,-1,-1,-1
454,1,1428.47,200.59,173.05,172.10,0.90,-1,-1,-1
454,13,1697.02,204.30,48.01,26.70,0.30,-1,-1,-1
454,19,1261.97,223.19,60.50,22.35,0.48,-1,-1,-1
454,34,105.33,239.66,50.82,17.21,0.40,-1,-1,-1
455,1,1428.94,201.01,172.45,172.20,0.55,-1,-1,-1
455,19,1265.38,222.86,61.96,23.33,0.57,-1,-1,-1
455,34,104.44,236.92,55.54,18.71,0.49,-1,-1,-1
455,20,691.12,331.26,615.58,602.25,0.21,-1,-1,-1
456,1,1427.81,195.74,175.58,176.88,0.88,-1,-1,-1
456,34,106.69,237.42,54.36,18.08,0.40,-1,-1,-1
456,20,697.16,334.35,609.66,597.11,0.24,-1,-1,-1
457,1,1429.82,198.32,171.92,173.83,0.87,-1,-1,-1
457,34,111.83,237.87,50.90,16.84,0.30,-1,-1,-1
457,20,691.85,334.88,611.99,598.84,0.23,-1,-1,-1
457,19,1268.63,222.28,59.21,22.90,0.41,-1,-1,-1
458,1,1430.14,196.00,172.42,175.28,0.95,-1,-1,-1
458,34,116.74,237.82,49.67,16.50,0.50,-1,-1,-1
458,20,688.54,335.20,613.26,598.58,0.21,-1,-1,-1
458,19,1264.74,222.26,58.29,22.84,0.64,-1,-1,-1
459,1,1430.44,195.02,173.23,177.11,0.89,-1,-1,-1
459,19,1269.75,221.61,54.94,22.04,0.31,-1,-1,-1
460,1,1432.35,197.17,170.85,175.12,0.96,-1,-1,-1
460,19,1274.63,221.88,49.69,20.04,0.29,-1,-1,-1
461,1,1435.32,203.61,164.97,168.55,0.28,-1,-1,-1
461,34,108.65,232.95,66.93,22.52,0.20,-1,-1,-1
462,1,1431.06,194.72,174.39,179.74,0.95,-1,-1,-1
462,45,140.19,237.96,38.16,16.98,0.46,-1,-1,-1
462,20,684.35,333.45,619.10,603.87,0.29,-1,-1,-1
462,19,1277.88,220.57,64.12,26.05,0.78,-1,-1,-1
463,1,1431.36,194.19,174.69,181.17,0.89,-1,-1,-1
463,20,683.39,333.12,619.13,603.31,0.27,-1,-1,-1
463,19,1279.41,221.46,64.71,26.54,0.61,-1,-1,-1
464,1,1434.73,198.61,169.17,175.36,0.95,-1,-1,-1
464,20,687.80,338.34,611.21,595.80,0.23,-1,-1,-1
464,19,1287.86,221.44,68.95,27.55,0.80,-1,-1,-1
464,52,289.71,199.10,54.80,34.49,0.44,-1,-1,-1
464,45,141.86,237.64,37.12,16.76,0.28,-1,-1,-1
465,1,1435.29,200.06,167.52,173.72,0.84,-1,-1,-1
465,20,688.49,338.35,610.19,595.12,0.25,-1,-1,-1
465,19,1290.92,223.12,66.73,26.05,0.66,-1,-1,-1
466,1,1435.81,198.45,169.63,176.44,0.69,-1,-1,-1
466,20,690.30,337.33,609.73,595.17,0.24,-1,-1,-1
466,19,1283.40,222.89,57.13,22.84,0.63,-1,-1,-1
466,45,145.33,239.04,34.63,15.55,0.23,-1,-1,-1
467,1,1436.26,197.82,169.78,177.09,0.93,-1,-1,-1
467,20,688.15,335.28,612.71,598.20,0.23,-1,-1,-1
467,19,1283.73,222.88,58.13,23.34,0.52,-1,-1,-1
467,45,152.74,235.58,44.08,19.05,0.24,-1,-1,-1
467,52,284.04,198.19,55.59,34.85,0.26,-1,-1,-1
468,1,1435.10,193.89,172.81,181.11,0.95,-1,-1,-1
468,20,683.30,332.05,617.38,602.68,0.22,-1,-1,-1
468,19,1283.73,222.07,60.76,24.62,0.82,-1,-1,-1
468,45,145.81,238.23,39.37,16.62,0.31,-1,-1,-1
469,1,1440.39,203.93,162.72,169.40,0.92,-1,-1,-1
469,19,1283.51,221.96,57.23,23.24,0.54,-1,-1,-1
470,1,1442.11,206.12,159.56,165.17,0.97,-1,-1,-1
470,19,1288.03,221.12,64.05,25.51,0.81,-1,-1,-1
470,52,279.34,199.22,58.34,36.55,0.22,-1,-1,-1
470,45,138.12,238.63,40.08,16.39,0.21,-1,-1,-1
471,1,1438.91,198.25,168.27,174.84,0.82,-1,-1,-1
471,19,1287.37,220.08,59.82,23.75,0.73,-1,-1,-1
471,20,694.31,341.61,603.13,588.43,0.26,-1,-1,-1
472,1,1441.27,202.91,163.99,169.70,0.93,-1,-1,-1
472,19,1287.65,220.03,54.44,21.69,0.39,-1,-1,-1
472,20,693.20,340.97,603.72,588.68,0.26,-1,-1,-1
473,1,1442.19,204.97,162.14,166.98,0.91,-1,-1,-1
473,19,1284.48,220.12,50.77,20.51,0.66,-1,-1,-1
473,20,693.40,343.45,602.48,586.19,0.23,-1,-1,-1
474,1,1440.74,201.18,166.57,171.85,0.70,-1,-1,-1
474,19,1283.80,221.12,50.56,20.85,0.61,-1,-1,-1
474,20,687.42,338.90,611.12,592.80,0.36,-1,-1,-1
474,45,155.59,239.89,35.70,14.48,0.25,-1,-1,-1
475,1,1438.84,196.65,171.66,178.11,0.91,-1,-1,-1
475,19,1284.96,221.36,51.34,21.47,0.71,-1,-1,-1
475,20,681.70,334.45,619.41,599.55,0.34,-1,-1,-1
476,1,1443.52,203.60,164.23,169.43,0.94,-1,-1,-1
476,19,1286.20,220.83,50.74,21.41,0.54,-1,-1,-1
476,20,684.42,339.48,612.75,592.28,0.36,-1,-1,-1
476,45,160.10,239.29,35.83,14.32,0.20,-1,-1,-1
477,1,1445.00,206.37,161.78,166.08,0.94,-1,-1,-1
477,19,1270.71,221.09,51.16,20.83,0.53,-1,-1,-1
477,20,682.79,340.80,611.45,590.43,0.38,-1,-1,-1
477,34,125.76,237.56,56.05,18.03,0.29,-1,-1,-1
478,1,1443.00,198.56,169.04,174.50,0.95,-1,-1,-1
478,20,684.17,334.56,618.03,596.50,0.36,-1,-1,-1
479,1,1442.69,197.76,170.06,176.27,0.95,-1,-1,-1
479,20,684.06,334.74,616.81,595.13,0.36,-1,-1,-1
479,19,1279.90,220.25,50.76,20.50,0.32,-1,-1,-1
480,1,1443.28,196.60,170.02,176.94,0.95,-1,-1,-1
480,20,682.24,334.80,618.76,595.62,0.31,-1,-1,-1
480,19,1288.01,220.06,56.32,22.82,0.46,-1,-1,-1
481,1,1447.94,204.59,161.29,166.71,0.90,-1,-1,-1
481,20,687.58,333.21,618.49,595.00,0.36,-1,-1,-1
481,45,165.45,236.37,44.58,17.47,0.33,-1,-1,-1
482,1,1446.12,199.70,166.43,172.54,0.95,-1,-1,-1
482,20,696.58,332.44,615.72,593.05,0.39,-1,-1,-1
482,19,1287.54,220.42,54.24,22.35,0.21,-1,-1,-1
483,1,1447.14,199.40,166.74,173.24,0.95,-1,-1,-1
483,20,696.26,334.75,613.23,590.56,0.38,-1,-1,-1
483,19,1291.31,220.76,55.23,23.09,0.59,-1,-1,-1
484,1,1448.02,197.94,167.11,174.05,0.95,-1,-1,-1
484,20,692.86,336.87,613.28,589.12,0.37,-1,-1,-1
484,45,162.07,233.08,50.28,20.21,0.30,-1,-1,-1
485,1,1445.86,191.90,171.37,179.55,0.95,-1,-1,-1
485,20,693.51,338.17,612.81,587.66,0.36,-1,-1,-1
486,1,1449.80,198.80,165.53,173.22,0.92,-1,-1,-1
486,20,698.44,334.52,614.52,591.15,0.40,-1,-1,-1
486,45,164.17,237.44,40.86,16.78,0.21,-1,-1,-1
487,1,1450.38,199.86,164.73,172.48,0.88,-1,-1,-1
487,20,695.94,332.56,617.50,594.03,0.37,-1,-1,-1
487,45,165.14,238.73,37.18,15.39,0.23,-1,-1,-1
488,1,1450.87,198.83,165.82,173.84,0.62,-1,-1,-1
488,20,688.42,326.71,625.14,600.84,0.36,-1,-1,-1
488,45,166.39,241.02,33.04,13.85,0.52,-1,-1,-1
488,52,251.82,217.73,44.11,27.67,0.21,-1,-1,-1
489,1,1452.23,203.46,161.63,168.56,0.95,-1,-1,-1
489,20,690.18,325.09,625.92,602.51,0.34,-1,-1,-1
489,45,166.20,239.22,36.36,15.60,0.49,-1,-1,-1
489,52,236.79,220.49,44.10,27.97,0.23,-1,-1,-1
490,1,1452.90,200.40,164.27,171.36,0.90,-1,-1,-1
490,20,697.49,326.90,620.87,598.37,0.40,-1,-1,-1
490,45,164.96,238.32,37.94,16.41,0.45,-1,-1,-1
490,52,237.02,222.96,42.66,27.07,0.27,-1,-1,-1
490,19,1300.04,220.66,51.04,21.45,0.65,-1,-1,-1
491,1,1451.87,197.47,168.27,176.26,0.94,-1,-1,-1
491,20,690.64,321.76,629.21,605.55,0.42,-1,-1,-1
491,52,204.50,224.35,54.90,29.58,0.50,-1,-1,-1
491,19,1304.28,220.79,54.89,22.76,0.77,-1,-1,-1
492,1,1452.00,196.47,168.19,176.68,0.94,-1,-1,-1
492,20,684.90,321.33,632.08,607.05,0.41,-1,-1,-1
492,52,190.43,224.65,60.73,29.78,0.34,-1,-1,-1
492,19,1303.42,220.68,56.34,23.52,0.51,-1,-1,-1
492,45,164.33,234.21,46.36,20.40,0.35,-1,-1,-1
493,1,1451.62,193.60,170.34,179.77,0.96,-1,-1,-1
493,20,690.74,322.44,627.13,603.64,0.37,-1,-1,-1
493,19,1305.33,220.75,54.55,22.71,0.27,-1,-1,-1
493,45,166.21,235.78,42.93,18.86,0.22,-1,-1,-1
494,1,1453.84,195.99,166.53,175.74,0.96,-1,-1,-1
494,20,697.54,325.08,620.88,598.63,0.40,-1,-1,-1
494,19,1304.58,220.17,56.71,23.55,0.45,-1,-1,-1
494,52,187.28,230.62,56.08,24.73,0.20,-1,-1,-1
495,1,1453.60,193.30,167.88,177.71,0.94,-1,-1,-1
495,20,703.71,330.13,611.19,591.81,0.39,-1,-1,-1
495,19,1307.61,219.84,58.56,24.22,0.37,-1,-1,-1
496,1,1453.19,191.68,168.36,178.74,0.92,-1,-1,-1
496,20,709.36,331.27,606.13,589.12,0.46,-1,-1,-1
496,19,1307.31,220.48,53.37,22.37,0.47,-1,-1,-1
497,1,1454.89,194.61,165.38,175.52,0.92,-1,-1,-1
497,20,703.66,329.12,608.76,592.59,0.39,-1,-1,-1
497,19,1299.96,220.48,59.28,25.21,0.73,-1,-1,-1
498,1,1459.88,205.98,155.65,163.33,0.91,-1,-1,-1
498,20,700.41,331.70,603.68,588.91,0.36,-1,-1,-1
498,19,1304.40,220.63,51.66,21.90,0.52,-1,-1,-1
499,1,1459.69,203.05,158.09,165.60,0.69,-1,-1,-1
499,20,698.12,331.69,604.64,589.84,0.42,-1,-1,-1
499,19,1306.95,221.45,55.29,23.30,0.77,-1,-1,-1
500,1,1457.92,198.85,162.93,170.68,0.53,-1,-1,-1
500,20,693.16,332.99,604.39,588.84,0.38,-1,-1,-1
500,19,1308.48,220.84,50.15,21.12,0.54,-1,-1,-1
500,62,1453.34,196.74,172.72,173.53,0.92,-1,-1,-1
501,1,1455.68,193.23,168.23,177.01,0.92,-1,-1,-1
501,20,687.85,331.70,607.91,590.65,0.41,-1,-1,-1
501,19,1310.23,220.58,46.67,19.39,0.64,-1,-1,-1
501,45,171.30,238.40,35.55,16.04,0.22,-1,-1,-1
502,1,1458.07,195.23,165.75,174.39,0.93,-1,-1,-1
502,20,680.21,327.69,614.97,597.43,0.35,-1,-1,-1
502,19,1310.54,220.72,47.58,19.70,0.71,-1,-1,-1
502,64,243.53,215.04,53.62,34.14,0.61,-1,-1,-1
503,1,1458.63,195.36,165.14,173.83,0.92,-1,-1,-1
503,20,682.36,330.05,611.84,594.58,0.37,-1,-1,-1
503,19,1306.84,222.10,48.84,20.29,0.44,-1,-1,-1
503,64,244.17,219.51,48.05,30.57,0.50,-1,-1,-1
504,1,1458.05,193.61,166.38,175.49,0.92,-1,-1,-1
504,20,684.73,329.98,610.07,593.50,0.33,-1,-1,-1
504,19,1307.90,220.96,49.25,20.60,0.31,-1,-1,-1
504,64,246.59,220.97,45.48,28.99,0.51,-1,-1,-1
505,1,1459.07,194.94,164.81,173.76,0.90,-1,-1,-1
505,20,685.81,331.57,607.83,590.67,0.34,-1,-1,-1
505,19,1309.66,220.73,50.31,21.07,0.68,-1,-1,-1
505,64,249.55,223.41,44.34,28.21,0.46,-1,-1,-1
506,1,1459.66,196.07,163.75,172.40,0.93,-1,-1,-1
506,20,682.48,331.83,609.28,590.98,0.33,-1,-1,-1
506,19,1311.13,220.15,47.66,20.02,0.68,-1,-1,-1
506,64,246.70,221.56,47.13,30.06,0.65,-1,-1,-1
506,45,189.48,223.49,68.29,30.17,0.35,-1,-1,-1
507,1,1459.50,194.34,165.68,174.75,0.92,-1,-1,-1
507,20,681.04,327.83,613.44,595.31,0.29,-1,-1,-1
507,19,1318.41,221.63,48.19,19.42,0.36,-1,-1,-1
507,64,244.85,218.93,49.47,31.66,0.61,-1,-1,-1
507,45,185.07,226.88,58.74,27.03,0.23,-1,-1,-1
508,1,1459.00,192.73,166.79,176.22,0.92,-1,-1,-1
508,20,680.13,324.96,616.44,598.70,0.30,-1,-1,-1
508,64,246.78,220.69,46.32,29.49,0.52,-1,-1,-1
508,45,182.53,230.52,49.61,23.50,0.43,-1,-1,-1
509,1,1460.89,196.52,163.36,172.30,0.87,-1,-1,-1
509,20,678.20,322.82,619.29,601.57,0.28,-1,-1,-1
509,64,249.04,222.13,44.89,28.49,0.41,-1,-1,-1
509,45,185.55,229.67,53.70,25.15,0.24,-1,-1,-1
509,19,1314.11,221.53,49.74,20.02,0.68,-1,-1,-1
510,1,1461.06,196.71,163.28,171.98,0.57,-1,-1,-1
510,20,683.77,324.98,617.03,599.29,0.37,-1,-1,-1
510,64,253.47,225.32,39.57,24.91,0.24,-1,-1,-1
510,67,1457.96,196.66,169.45,172.59,0.92,-1,-1,-1
511,1,1460.52,195.77,164.74,173.56,0.92,-1,-1,-1
511,20,686.05,325.73,617.84,599.26,0.37,-1,-1,-1
511,45,183.11,234.26,41.01,19.91,0.29,-1,-1,-1
511,19,1314.65,221.76,47.61,19.16,0.23,-1,-1,-1
512,1,1461.33,195.69,165.00,173.78,0.92,-1,-1,-1
512,20,673.22,326.73,619.56,599.18,0.30,-1,-1,-1
512,45,193.53,224.48,65.06,30.52,0.48,-1,-1,-1
513,1,1460.54,192.81,167.41,176.75,0.93,-1,-1,-1
513,20,676.40,324.98,618.51,598.71,0.31,-1,-1,-1
513,45,188.76,231.59,47.65,23.04,0.21,-1,-1,-1
513,19,1314.21,222.06,46.19,18.47,0.32,-1,-1,-1
514,1,1461.46,194.35,167.62,177.25,0.93,-1,-1,-1
514,20,684.24,328.51,615.52,593.94,0.30,-1,-1,-1
514,19,1321.82,221.39,51.56,19.70,0.32,-1,-1,-1
515,1,1461.95,194.14,167.38,177.32,0.92,-1,-1,-1
515,20,684.42,328.78,616.93,593.67,0.35,-1,-1,-1
515,19,1321.98,220.43,57.17,21.29,0.43,-1,-1,-1
515,64,253.08,218.73,46.39,29.38,0.22,-1,-1,-1
515,45,191.79,224.92,63.93,30.44,0.30,-1,-1,-1
516,1,1459.72,188.29,171.82,183.05,0.93,-1,-1,-1
516,20,682.62,328.13,619.17,594.07,0.33,-1,-1,-1
516,19,1315.79,220.79,51.31,19.28,0.54,-1,-1,-1
516,64,252.50,217.84,45.87,29.15,0.28,-1,-1,-1
516,45,194.88,226.81,61.45,28.69,0.25,-1,-1,-1
517,1,1463.10,197.07,164.52,174.46,0.94,-1,-1,-1
517,20,687.77,333.73,610.25,585.72,0.35,-1,-1,-1
517,19,1316.16,220.48,50.63,19.20,0.33,-1,-1,-1
517,64,255.21,220.95,45.13,27.94,0.25,-1,-1,-1
517,45,196.43,229.88,58.46,26.60,0.31,-1,-1,-1
518,1,1461.82,193.34,167.76,178.44,0.91,-1,-1,-1
518,20,687.38,334.52,609.96,584.80,0.36,-1,-1,-1
518,45,198.31,231.55,55.42,24.46,0.21,-1,-1,-1
519,1,1462.63,192.27,167.81,178.75,0.92,-1,-1,-1
519,20,681.96,332.01,615.75,589.71,0.28,-1,-1,-1
519,45,201.46,234.09,47.96,20.48,0.22,-1,-1,-1
519,19,1325.36,221.26,53.68,19.62,0.45,-1,-1,-1
519,64,262.08,218.16,51.23,31.43,0.36,-1,-1,-1
520,1,1468.92,208.24,155.13,162.80,0.93,-1,-1,-1
520,20,679.25,330.84,618.29,591.48,0.25,-1,-1,-1
520,64,262.44,216.45,51.05,30.99,0.23,-1,-1,-1
521,1,1464.66,199.07,164.02,172.41,0.93,-1,-1,-1
521,20,677.98,327.82,622.14,595.07,0.26,-1,-1,-1
521,64,260.23,218.75,50.04,30.47,0.31,-1,-1,-1
521,45,200.32,231.03,59.26,25.01,0.60,-1,-1,-1
521,19,1320.46,221.87,53.34,19.44,0.20,-1,-1,-1
522,1,1463.63,196.30,166.71,175.51,0.93,-1,-1,-1
522,20,676.00,329.77,620.28,592.73,0.31,-1,-1,-1
522,64,259.44,217.48,49.83,30.94,0.48,-1,-1,-1
522,19,1318.83,220.77,48.35,18.03,0.21,-1,-1,-1
523,1,1462.96,194.10,168.12,177.22,0.93,-1,-1,-1
523,20,676.50,331.46,618.76,590.98,0.32,-1,-1,-1
523,64,259.33,222.01,44.69,27.44,0.25,-1,-1,-1
524,1,1463.51,192.42,169.05,178.64,0.93,-1,-1,-1
524,20,673.95,329.14,620.45,591.25,0.34,-1,-1,-1
524,64,256.37,221.16,47.97,29.61,0.25,-1,-1,-1
524,45,206.28,221.41,81.31,33.45,0.28,-1,-1,-1
525,1,1465.23,195.53,165.40,174.60,0.46,-1,-1,-1
525,20,670.94,327.59,625.32,593.79,0.35,-1,-1,-1
526,1,1465.34,194.10,166.97,176.45,0.93,-1,-1,-1
526,20,664.95,326.14,629.93,594.86,0.32,-1,-1,-1
526,64,259.79,220.94,48.87,30.73,0.72,-1,-1,-1
527,1,1465.38,194.24,167.37,177.15,0.93,-1,-1,-1
527,20,659.96,326.85,632.99,594.80,0.30,-1,-1,-1
527,64,259.83,221.22,48.73,30.57,0.64,-1,-1,-1
527,19,1321.59,220.50,48.32,17.93,0.30,-1,-1,-1
527,45,202.68,228.61,60.79,24.80,0.21,-1,-1,-1
528,1,1465.84,194.51,166.82,176.62,0.93,-1,-1,-1
528,20,659.07,327.30,635.50,594.76,0.30,-1,-1,-1
528,64,258.53,221.40,49.57,31.29,0.64,-1,-1,-1
529,1,1466.10,193.98,167.43,177.44,0.94,-1,-1,-1
529,20,657.34,327.03,636.48,594.62,0.34,-1,-1,-1
529,64,258.97,219.06,52.07,33.47,0.33,-1,-1,-1
529,45,204.70,214.99,91.41,37.17,0.48,-1,-1,-1
530,1,1467.11,194.36,165.90,175.84,0.94,-1,-1,-1
530,20,661.33,329.74,633.95,591.14,0.36,-1,-1,-1
530,64,260.94,219.25,49.16,31.69,0.61,-1,-1,-1
531,1,1469.50,196.21,163.04,172.58,0.93,-1,-1,-1
531,20,665.75,329.96,630.43,588.09,0.30,-1,-1,-1
531,64,259.53,221.92,45.91,29.53,0.24,-1,-1,-1
531,45,201.15,224.56,71.04,28.88,0.58,-1,-1,-1
532,1,1468.82,193.78,164.85,174.66,0.93,-1,-1,-1
532,20,663.74,328.48,632.93,589.63,0.30,-1,-1,-1
532,64,262.01,226.73,39.98,25.39,0.31,-1,-1,-1
532,45,206.61,235.19,47.84,18.62,0.62,-1,-1,-1
533,1,1470.90,197.85,161.20,170.12,0.93,-1,-1,-1
533,20,666.39,329.56,630.73,587.59,0.29,-1,-1,-1
533,64,264.92,223.28,43.43,27.62,0.22,-1,-1,-1
533,45,206.19,237.96,41.94,16.02,0.65,-1,-1,-1
533,19,1319.87,221.38,56.10,21.42,0.29,-1,-1,-1
534,1,1472.85,199.89,159.53,167.98,0.93,-1,-1,-1
534,20,660.97,329.76,634.00,589.32,0.38,-1,-1,-1
534,64,262.60,226.80,39.88,24.66,0.21,-1,-1,-1
534,45,205.39,236.47,47.45,18.00,0.67,-1,-1,-1
535,1,1476.35,208.81,151.78,158.00,0.96,-1,-1,-1
535,20,657.60,327.93,638.45,592.61,0.34,-1,-1,-1
535,64,263.87,227.13,38.24,23.18,0.30,-1,-1,-1
535,45,203.44,234.28,51.58,19.63,0.40,-1,-1,-1
536,1,1473.59,202.97,159.08,165.53,0.93,-1,-1,-1
536,20,655.61,330.83,636.08,590.04,0.30,-1,-1,-1
536,45,199.17,229.91,61.19,23.95,0.80,-1,-1,-1
537,1,1470.06,195.02,166.33,173.83,0.92,-1,-1,-1
537,20,657.10,333.70,631.51,586.22,0.30,-1,-1,-1
538,1,1471.87,198.44,163.25,170.32,0.51,-1,-1,-1
538,20,658.76,333.34,630.15,584.31,0.39,-1,-1,-1
538,45,204.14,236.06,45.04,17.87,0.42,-1,-1,-1
539,1,1477.30,210.94,152.90,157.20,0.91,-1,-1,-1
539,20,656.59,332.45,631.72,585.39,0.31,-1,-1,-1
539,45,205.20,231.74,56.96,22.72,0.28,-1,-1,-1
539,19,1318.80,222.47,56.68,22.99,0.27,-1,-1,-1
539,64,221.31,226.08,48.99,28.07,0.43,-1,-1,-1
540,1,1479.94,218.51,147.61,149.38,0.92,-1,-1,-1
540,20,656.05,333.40,631.85,584.75,0.34,-1,-1,-1
540,45,207.35,235.76,47.32,18.57,0.59,-1,-1,-1
541,1,1476.54,211.30,155.92,157.05,0.96,-1,-1,-1
541,20,653.62,337.76,627.56,579.81,0.35,-1,-1,-1
542,1,1478.44,218.06,151.41,150.57,0.92,-1,-1,-1
542,20,651.33,341.33,625.26,576.42,0.30,-1,-1,-1
542,45,205.43,236.55,39.35,15.76,0.23,-1,-1,-1
543,1,1475.48,212.33,158.56,157.14,0.93,-1,-1,-1
543,20,648.32,332.66,636.02,585.78,0.30,-1,-1,-1
543,45,203.51,235.35,43.93,18.06,0.22,-1,-1,-1
543,19,1330.86,220.17,62.87,24.83,0.33,-1,-1,-1
543,64,217.26,230.48,47.71,25.84,0.30,-1,-1,-1
544,1,1472.80,206.63,164.93,163.48,0.89,-1,-1,-1
544,20,645.37,327.24,643.47,592.03,0.27,-1,-1,-1
544,45,207.74,235.79,44.32,18.05,0.69,-1,-1,-1
545,1,1472.20,205.99,166.51,165.03,0.96,-1,-1,-1
545,20,647.69,325.89,644.90,593.43,0.30,-1,-1,-1
545,45,206.17,237.67,39.44,16.29,0.34,-1,-1,-1
545,19,1335.34,220.43,57.73,22.05,0.26,-1,-1,-1
546,1,1475.69,212.51,160.91,158.35,0.92,-1,-1,-1
546,20,652.53,327.42,642.32,592.66,0.28,-1,-1,-1
546,45,209.84,236.91,42.01,17.15,0.21,-1,-1,-1
546,19,1328.76,220.30,58.05,22.94,0.48,-1,-1,-1
547,1,1470.47,202.45,171.22,169.57,0.71,-1,-1,-1
547,20,653.25,325.61,642.99,594.63,0.28,-1,-1,-1
547,76,278.31,216.55,47.93,33.90,0.52,-1,-1,-1
548,1,1470.55,200.09,173.01,172.20,0.93,-1,-1,-1
548,20,654.17,322.48,647.80,598.57,0.38,-1,-1,-1
548,76,278.50,217.11,49.07,34.75,0.73,-1,-1,-1
548,45,206.92,238.36,36.65,15.19,0.49,-1,-1,-1
549,1,1476.20,211.20,162.33,160.17,0.92,-1,-1,-1
549,20,656.38,322.07,647.82,599.03,0.36,-1,-1,-1
549,76,279.04,216.60,50.27,35.70,0.66,-1,-1,-1
549,45,208.04,238.91,34.71,14.36,0.44,-1,-1,-1
549,19,1331.09,218.93,58.63,23.93,0.57,-1,-1,-1
550,1,1469.44,196.43,177.79,177.22,0.95,-1,-1,-1
550,20,655.91,322.89,647.75,598.27,0.34,-1,-1,-1
550,76,279.15,218.42,48.92,34.76,0.68,-1,-1,-1
550,19,1332.98,219.11,58.67,24.17,0.30,-1,-1,-1
551,1,1473.30,201.49,170.68,169.56,0.95,-1,-1,-1
551,20,655.35,324.19,647.14,596.47,0.33,-1,-1,-1
551,76,279.84,219.60,47.39,33.86,0.65,-1,-1,-1
552,1,1476.82,208.12,164.27,162.17,0.94,-1,-1,-1
552,20,653.94,326.80,646.89,594.71,0.33,-1,-1,-1
552,76,282.56,220.83,43.49,31.07,0.29,-1,-1,-1
553,1,1475.81,205.36,165.76,163.73,0.94,-1,-1,-1
553,20,651.97,326.86,647.51,595.28,0.28,-1,-1,-1
553,76,285.35,221.46,43.73,31.05,0.20,-1,-1,-1
553,19,1337.56,220.56,59.26,24.26,0.25,-1,-1,-1
554,1,1477.37,210.80,162.59,159.85,0.92,-1,-1,-1
554,20,653.36,325.58,648.11,596.72,0.23,-1,-1,-1
554,76,283.46,221.81,42.99,30.60,0.35,-1,-1,-1
554,19,1333.67,218.89,64.81,26.20,0.22,-1,-1,-1
554,45,210.78,236.53,39.94,16.92,0.36,-1,-1,-1
555,1,1475.05,203.80,168.11,165.74,0.25,-1,-1,-1
555,20,659.55,327.67,643.21,591.86,0.28,-1,-1,-1
555,76,284.35,222.53,42.33,30.14,0.65,-1,-1,-1
555,19,1323.42,222.71,57.97,22.83,0.20,-1,-1,-1
555,45,214.01,239.78,32.83,14.19,0.26,-1,-1,-1
556,1,1476.52,205.59,166.00,163.45,0.93,-1,-1,-1
556,20,663.72,330.59,638.20,586.92,0.34,-1,-1,-1
556,76,291.17,221.87,45.22,31.25,0.45,-1,-1,-1
556,19,1334.42,223.14,59.89,23.14,0.26,-1,-1,-1
556,45,220.24,235.66,44.45,18.75,0.45,-1,-1,-1
557,1,1477.72,206.91,164.45,161.53,0.85,-1,-1,-1
557,20,664.20,331.44,637.99,586.12,0.35,-1,-1,-1
557,76,284.75,221.85,43.86,30.31,0.38,-1,-1,-1
558,1,1478.90,209.82,162.44,158.76,0.92,-1,-1,-1
558,20,671.84,343.45,623.46,571.11,0.40,-1,-1,-1
558,76,281.60,220.31,45.22,31.47,0.52,-1,-1,-1
558,45,216.23,237.67,38.68,16.72,0.20,-1,-1,-1
559,1,1476.83,205.46,166.67,162.86,0.96,-1,-1,-1
559,20,675.11,345.90,620.92,567.66,0.38,-1,-1,-1
559,76,293.43,216.91,52.28,34.83,0.34,-1,-1,-1
559,19,1340.76,223.92,61.80,23.07,0.41,-1,-1,-1
560,1,1486.35,229.08,147.53,140.43,0.93,-1,-1,-1
560,20,672.50,340.98,628.82,574.71,0.29,-1,-1,-1
560,76,279.52,216.56,51.54,34.05,0.42,-1,-1,-1
560,45,215.40,239.47,32.89,14.52,0.27,-1,-1,-1
561,1,1482.51,221.00,155.94,147.51,0.92,-1,-1,-1
561,20,674.13,338.65,630.67,577.00,0.37,-1,-1,-1
561,76,282.03,221.38,46.15,30.61,0.59,-1,-1,-1
562,1,1474.42,204.53,173.59,165.74,0.95,-1,-1,-1
562,20,666.31,329.95,646.18,590.57,0.31,-1,-1,-1
562,19,1303.62,221.46,63.17,22.91,0.36,-1,-1,-1
563,1,1471.68,198.46,180.10,173.50,0.95,-1,-1,-1
563,20,662.33,328.57,649.91,593.36,0.31,-1,-1,-1
564,1,1472.41,197.31,179.20,173.62,0.95,-1,-1,-1
564,20,659.77,328.32,652.58,594.74,0.32,-1,-1,-1
564,76,281.59,221.48,43.77,29.29,0.26,-1,-1,-1
565,1,1470.93,192.99,182.43,178.41,0.95,-1,-1,-1
565,20,659.42,326.90,651.93,594.69,0.30,-1,-1,-1
