1,1,891.97,414.80,306.58,243.65,0.95,-1,-1,-1
2,1,891.30,414.65,305.96,243.17,0.95,-1,-1,-1
3,1,892.14,415.34,305.57,242.82,0.95,-1,-1,-1
3,2,1849.32,410.93,68.34,21.32,0.27,-1,-1,-1
4,1,891.94,415.07,306.51,243.55,0.95,-1,-1,-1
4,2,1850.02,411.42,68.10,21.24,0.33,-1,-1,-1
5,1,891.81,415.60,305.85,243.01,0.95,-1,-1,-1
6,1,890.92,415.90,306.56,243.56,0.95,-1,-1,-1
6,2,1857.52,413.44,60.45,18.83,0.21,-1,-1,-1
7,1,890.82,415.93,306.04,243.09,0.95,-1,-1,-1
7,2,1855.20,413.19,61.73,19.19,0.32,-1,-1,-1
8,1,889.98,414.80,306.60,243.68,0.95,-1,-1,-1
8,2,1851.56,413.54,61.10,18.72,0.26,-1,-1,-1
9,1,890.37,415.73,305.24,242.57,0.95,-1,-1,-1
9,2,1853.90,413.38,61.58,18.80,0.40,-1,-1,-1
9,4,1756.90,377.50,136.07,24.64,0.30,-1,-1,-1
10,1,889.93,416.23,303.83,241.42,0.95,-1,-1,-1
10,2,1852.32,410.61,63.16,19.14,0.21,-1,-1,-1
11,1,888.98,415.23,303.74,241.47,0.95,-1,-1,-1
12,1,889.38,415.66,302.31,240.39,0.95,-1,-1,-1
13,1,888.84,415.49,303.19,241.24,0.95,-1,-1,-1
13,4,1744.89,377.00,126.12,22.94,0.25,-1,-1,-1
14,1,888.54,414.87,304.34,242.30,0.95,-1,-1,-1
14,4,1743.11,377.81,134.52,24.64,0.30,-1,-1,-1
14,2,1849.13,406.24,71.10,21.67,0.20,-1,-1,-1
15,1,888.24,414.63,305.12,243.03,0.95,-1,-1,-1
15,4,1748.60,378.73,124.24,22.70,0.25,-1,-1,-1
16,1,887.83,415.12,304.96,243.11,0.95,-1,-1,-1
16,2,1850.61,407.42,66.31,19.98,0.26,-1,-1,-1
17,1,888.27,415.89,304.15,242.44,0.95,-1,-1,-1
17,4,1748.02,377.27,132.81,24.42,0.31,-1,-1,-1
18,1,886.10,414.70,306.34,244.73,0.95,-1,-1,-1
18,2,1839.49,407.67,72.31,21.18,0.20,-1,-1,-1
19,1,886.49,414.71,305.87,244.56,0.95,-1,-1,-1
19,2,1837.45,407.63,77.91,22.75,0.24,-1,-1,-1
20,1,887.67,415.56,304.22,243.26,0.95,-1,-1,-1
21,1,887.44,414.40,303.80,243.17,0.95,-1,-1,-1
22,1,887.16,413.38,304.70,244.07,0.95,-1,-1,-1
22,4,1755.64,378.87,126.27,23.52,0.36,-1,-1,-1
23,1,887.40,414.43,303.28,242.99,0.95,-1,-1,-1
23,5,1571.87,410.50,121.48,21.54,0.33,-1,-1,-1
23,2,1859.80,414.26,61.83,18.44,0.25,-1,-1,-1
24,1,886.98,414.99,303.32,243.26,0.95,-1,-1,-1
24,5,1584.18,408.77,110.90,19.67,0.23,-1,-1,-1
25,1,886.70,415.55,303.05,243.29,0.95,-1,-1,-1
25,4,1755.59,378.65,129.19,24.33,0.26,-1,-1,-1
26,1,886.85,415.98,303.00,243.35,0.95,-1,-1,-1
26,4,1765.86,380.13,124.65,23.44,0.23,-1,-1,-1
27,1,886.50,415.71,303.09,243.62,0.95,-1,-1,-1
27,4,1763.93,379.42,123.14,23.10,0.31,-1,-1,-1
28,1,886.14,415.63,303.49,244.36,0.95,-1,-1,-1
28,4,1764.84,379.11,122.25,22.80,0.24,-1,-1,-1
28,5,1582.32,407.79,113.40,20.09,0.23,-1,-1,-1
29,1,885.61,416.14,303.47,244.77,0.96,-1,-1,-1
29,5,1581.37,406.71,118.64,21.03,0.42,-1,-1,-1
30,1,884.86,416.54,302.56,244.37,0.95,-1,-1,-1
30,2,1837.45,410.51,74.04,21.33,0.49,-1,-1,-1
30,4,1782.21,382.47,110.59,20.58,0.30,-1,-1,-1
31,1,883.97,415.59,302.03,244.40,0.95,-1,-1,-1
32,1,883.07,414.95,303.44,245.89,0.95,-1,-1,-1
33,1,882.32,415.40,303.84,246.54,0.96,-1,-1,-1
33,6,27.69,376.70,103.94,25.42,0.33,-1,-1,-1
33,4,1755.65,380.87,115.32,21.90,0.26,-1,-1,-1
34,1,881.90,415.85,303.59,246.71,0.95,-1,-1,-1
35,1,882.01,415.50,303.25,246.71,0.95,-1,-1,-1
35,5,1546.81,407.33,150.93,26.82,0.50,-1,-1,-1
35,2,1837.95,410.43,72.42,19.99,0.20,-1,-1,-1
35,4,1751.01,379.46,118.68,22.85,0.42,-1,-1,-1
36,1,882.34,416.00,303.45,247.17,0.96,-1,-1,-1
36,4,1750.15,379.91,118.75,23.03,0.35,-1,-1,-1
36,6,-2.80,380.59,88.60,21.79,0.33,-1,-1,-1
37,1,881.61,415.25,303.95,247.94,0.95,-1,-1,-1
37,5,1546.04,408.16,146.44,25.95,0.34,-1,-1,-1
38,1,881.38,415.60,302.96,247.51,0.95,-1,-1,-1
38,5,1546.84,407.15,145.39,25.77,0.35,-1,-1,-1
38,2,1838.02,410.88,71.94,19.04,0.25,-1,-1,-1
38,6,27.21,376.43,106.05,25.90,0.23,-1,-1,-1
39,1,881.75,415.32,302.63,247.51,0.95,-1,-1,-1
39,5,1547.82,407.97,142.52,25.13,0.28,-1,-1,-1
40,1,880.78,415.31,303.72,248.77,0.96,-1,-1,-1
40,5,1545.95,407.40,147.07,25.94,0.21,-1,-1,-1
40,4,1746.54,379.17,119.11,23.54,0.21,-1,-1,-1
41,1,881.23,415.93,303.08,248.38,0.96,-1,-1,-1
41,2,1855.45,413.89,68.59,19.02,0.27,-1,-1,-1
41,6,33.01,374.88,108.98,26.25,0.26,-1,-1,-1
42,1,880.48,415.73,303.11,248.75,0.96,-1,-1,-1
42,6,38.21,376.98,100.96,24.31,0.49,-1,-1,-1
43,1,879.41,415.69,303.40,249.41,0.96,-1,-1,-1
43,6,14.54,379.95,88.10,21.57,0.40,-1,-1,-1
43,5,1547.39,406.77,149.01,26.40,0.26,-1,-1,-1
44,1,879.43,415.32,304.45,250.61,0.96,-1,-1,-1
44,6,28.85,377.36,96.44,23.64,0.42,-1,-1,-1
44,5,1548.86,406.28,147.11,26.15,0.21,-1,-1,-1
44,4,1763.55,381.07,108.48,21.67,0.27,-1,-1,-1
45,1,879.23,415.06,304.01,250.62,0.95,-1,-1,-1
45,6,15.55,379.18,84.72,21.25,0.24,-1,-1,-1
45,5,1559.09,406.67,137.98,24.64,0.24,-1,-1,-1
46,1,879.22,415.84,302.89,250.07,0.95,-1,-1,-1
46,6,17.69,379.48,84.47,21.45,0.31,-1,-1,-1
46,5,1563.98,407.28,129.80,23.06,0.23,-1,-1,-1
46,2,1855.28,413.89,68.21,19.48,0.30,-1,-1,-1
47,1,878.89,415.08,302.76,250.40,0.96,-1,-1,-1
47,5,1600.63,409.61,100.41,18.22,0.31,-1,-1,-1
47,9,1317.50,350.31,109.95,22.82,0.30,-1,-1,-1
47,2,1855.67,414.09,66.13,19.16,0.31,-1,-1,-1
48,1,879.17,415.31,301.88,249.93,0.96,-1,-1,-1
48,5,1571.10,408.66,131.53,24.10,0.23,-1,-1,-1
49,1,877.94,414.65,302.83,251.35,0.95,-1,-1,-1
49,5,1570.42,409.73,128.13,23.40,0.24,-1,-1,-1
50,1,878.47,415.53,302.16,251.11,0.96,-1,-1,-1
50,5,1573.86,410.65,122.19,22.22,0.24,-1,-1,-1
50,9,1318.98,350.60,110.31,22.91,0.23,-1,-1,-1
51,1,877.97,415.27,303.11,252.28,0.96,-1,-1,-1
51,5,1567.72,410.05,128.09,23.26,0.48,-1,-1,-1
52,1,877.43,414.62,303.37,252.89,0.96,-1,-1,-1
52,5,1562.67,409.04,133.10,24.27,0.29,-1,-1,-1
53,1,877.57,414.23,302.47,252.54,0.96,-1,-1,-1
54,1,877.64,414.88,301.60,252.12,0.96,-1,-1,-1
55,1,877.16,415.34,301.49,252.38,0.96,-1,-1,-1
55,5,1546.63,407.32,151.39,27.70,0.35,-1,-1,-1
56,1,877.07,415.99,300.68,252.02,0.96,-1,-1,-1
57,1,876.81,415.95,300.89,252.47,0.96,-1,-1,-1
57,4,1742.37,377.04,132.97,26.87,0.20,-1,-1,-1
57,9,1321.57,351.46,103.53,21.29,0.34,-1,-1,-1
58,1,876.42,415.75,301.39,253.30,0.96,-1,-1,-1
58,6,39.46,376.59,88.36,23.05,0.32,-1,-1,-1
58,2,1829.97,409.96,81.35,22.52,0.33,-1,-1,-1
59,1,876.29,416.32,301.07,253.38,0.96,-1,-1,-1
59,6,42.19,374.89,94.02,24.90,0.33,-1,-1,-1
59,2,1846.62,411.33,75.24,22.09,0.31,-1,-1,-1
59,5,1590.49,408.01,108.35,20.11,0.31,-1,-1,-1
59,9,1318.56,350.87,107.68,22.01,0.30,-1,-1,-1
60,1,875.50,416.01,301.15,253.87,0.96,-1,-1,-1
60,2,1854.96,412.71,69.10,21.09,0.27,-1,-1,-1
60,5,1599.93,408.53,98.68,18.55,0.21,-1,-1,-1
61,1,874.94,415.42,301.33,254.52,0.96,-1,-1,-1
61,6,39.53,376.78,92.17,24.43,0.49,-1,-1,-1
62,1,875.23,416.09,299.91,253.55,0.96,-1,-1,-1
62,6,40.57,377.25,87.82,23.39,0.43,-1,-1,-1
63,1,874.64,415.63,300.19,254.28,0.96,-1,-1,-1
63,6,47.83,374.21,103.64,27.20,0.29,-1,-1,-1
63,2,1847.88,406.06,79.26,25.13,0.33,-1,-1,-1
64,1,874.32,415.26,300.65,255.04,0.96,-1,-1,-1
64,6,37.00,373.70,102.15,26.95,0.24,-1,-1,-1
64,5,1602.30,408.37,96.24,18.25,0.23,-1,-1,-1
65,1,873.31,414.73,301.10,255.82,0.96,-1,-1,-1
65,6,44.17,375.57,95.94,25.30,0.29,-1,-1,-1
65,11,1638.06,359.27,138.01,29.59,0.26,-1,-1,-1
66,1,873.09,415.14,300.27,255.59,0.95,-1,-1,-1
66,6,36.03,376.10,95.66,25.02,0.34,-1,-1,-1
66,2,1836.52,409.01,74.18,22.15,0.20,-1,-1,-1
67,1,873.09,414.50,300.02,255.84,0.95,-1,-1,-1
67,6,34.93,376.28,96.15,24.95,0.36,-1,-1,-1
67,5,1561.55,408.97,138.05,26.43,0.24,-1,-1,-1
68,1,872.63,414.74,299.66,255.96,0.95,-1,-1,-1
68,6,32.51,377.43,92.18,23.75,0.50,-1,-1,-1
68,4,1787.27,383.02,100.71,20.25,0.24,-1,-1,-1
69,1,870.62,411.51,302.72,259.53,0.95,-1,-1,-1
69,6,44.15,377.78,90.35,23.25,0.48,-1,-1,-1
70,1,869.22,409.78,302.65,260.47,0.94,-1,-1,-1
70,6,37.03,376.72,95.83,24.50,0.29,-1,-1,-1
71,1,868.44,409.59,301.55,260.63,0.95,-1,-1,-1
72,1,869.00,409.97,300.30,260.36,0.95,-1,-1,-1
73,1,870.59,412.90,296.01,257.08,0.96,-1,-1,-1
74,1,869.31,411.40,297.63,259.33,0.96,-1,-1,-1
74,2,1832.17,409.31,73.76,20.84,0.22,-1,-1,-1
74,6,3.63,381.19,84.55,21.81,0.34,-1,-1,-1
75,1,870.31,413.88,294.71,257.19,0.97,-1,-1,-1
76,1,869.94,414.25,293.74,256.83,0.94,-1,-1,-1
76,6,19.13,382.65,69.11,18.37,0.22,-1,-1,-1
77,1,869.73,413.73,294.23,257.83,0.97,-1,-1,-1
78,1,867.83,410.15,298.35,262.30,0.95,-1,-1,-1
78,6,3.90,379.69,81.67,21.85,0.24,-1,-1,-1
79,1,869.62,412.31,295.02,259.64,0.95,-1,-1,-1
79,6,3.01,380.84,78.28,20.84,0.50,-1,-1,-1
80,1,869.88,414.13,293.32,258.38,0.97,-1,-1,-1
80,6,2.12,381.29,75.66,20.20,0.31,-1,-1,-1
80,2,1828.30,410.18,80.50,21.73,0.25,-1,-1,-1
81,1,866.88,409.03,298.61,264.09,0.96,-1,-1,-1
81,6,8.15,380.39,73.16,19.93,0.26,-1,-1,-1
81,2,1829.75,410.52,83.90,22.29,0.21,-1,-1,-1
82,1,868.17,410.81,296.60,262.46,0.96,-1,-1,-1
82,9,1323.05,354.07,106.29,21.81,0.30,-1,-1,-1
83,1,867.65,412.63,295.98,262.40,0.97,-1,-1,-1
83,2,1829.38,410.03,85.06,22.18,0.38,-1,-1,-1
84,1,866.70,412.39,295.66,262.90,0.95,-1,-1,-1
84,2,1826.98,409.21,86.13,22.24,0.30,-1,-1,-1
84,6,18.64,379.23,69.33,19.59,0.49,-1,-1,-1
84,9,1324.20,355.26,103.93,21.21,0.44,-1,-1,-1
85,1,868.83,416.38,291.97,259.99,0.95,-1,-1,-1
85,2,1829.69,409.48,85.19,21.70,0.28,-1,-1,-1
85,6,16.43,379.15,68.92,19.59,0.35,-1,-1,-1
85,5,1600.84,408.94,97.21,18.72,0.26,-1,-1,-1
86,1,869.92,417.75,289.95,258.44,0.85,-1,-1,-1
86,2,1826.29,408.77,89.17,22.67,0.26,-1,-1,-1
86,6,14.44,379.07,70.76,20.25,0.32,-1,-1,-1
87,1,869.68,418.45,289.01,257.95,0.96,-1,-1,-1
87,2,1826.58,408.93,90.29,22.93,0.28,-1,-1,-1
87,4,1785.25,377.03,139.65,29.42,0.22,-1,-1,-1
88,1,869.82,418.70,288.14,257.30,0.96,-1,-1,-1
88,2,1830.76,410.78,82.63,20.45,0.26,-1,-1,-1
88,4,1792.33,379.33,121.98,25.47,0.31,-1,-1,-1
89,1,870.53,419.58,286.48,255.73,0.96,-1,-1,-1
89,2,1829.00,410.20,86.80,21.39,0.29,-1,-1,-1
89,9,1322.77,355.70,109.09,22.66,0.23,-1,-1,-1
89,6,59.24,375.16,85.48,23.50,0.39,-1,-1,-1
90,1,869.51,419.21,286.41,255.77,0.96,-1,-1,-1
90,2,1829.34,411.19,83.49,20.15,0.33,-1,-1,-1
91,1,868.75,419.17,288.16,257.52,0.96,-1,-1,-1
91,2,1818.81,408.34,102.56,25.13,0.25,-1,-1,-1
92,1,866.92,418.75,289.61,259.39,0.96,-1,-1,-1
92,4,1769.09,377.48,128.01,27.42,0.24,-1,-1,-1
93,1,866.38,417.48,290.42,260.55,0.96,-1,-1,-1
93,4,1758.26,376.44,125.48,26.50,0.27,-1,-1,-1
93,9,1326.34,355.99,100.13,20.49,0.31,-1,-1,-1
94,1,865.94,417.73,289.30,260.05,0.96,-1,-1,-1
94,11,1579.24,343.04,192.77,40.59,0.33,-1,-1,-1
95,1,865.77,417.46,288.17,259.45,0.96,-1,-1,-1
95,11,1577.95,342.65,188.68,39.77,0.25,-1,-1,-1
96,1,865.01,416.94,287.48,259.31,0.96,-1,-1,-1
97,1,863.92,415.30,290.01,262.23,0.96,-1,-1,-1
97,11,1583.55,345.97,184.11,38.02,0.27,-1,-1,-1
98,1,862.91,413.48,290.87,263.74,0.95,-1,-1,-1
98,11,1580.18,346.31,185.31,37.67,0.22,-1,-1,-1
99,1,864.32,414.16,289.36,262.76,0.96,-1,-1,-1
99,4,1777.99,376.15,126.17,26.87,0.25,-1,-1,-1
100,1,864.71,414.44,287.98,261.75,0.95,-1,-1,-1
101,1,862.42,408.66,292.00,266.49,0.94,-1,-1,-1
102,1,863.50,412.03,289.15,264.23,0.96,-1,-1,-1
103,1,863.74,412.96,287.98,263.66,0.96,-1,-1,-1
103,2,1835.07,412.49,80.20,19.20,0.44,-1,-1,-1
103,4,1787.09,380.81,106.08,21.93,0.32,-1,-1,-1
104,1,862.54,412.85,288.19,264.45,0.96,-1,-1,-1
104,2,1830.89,411.69,84.29,19.90,0.21,-1,-1,-1
105,1,865.39,416.60,284.53,260.74,0.96,-1,-1,-1
105,9,1329.14,353.59,102.79,20.46,0.45,-1,-1,-1
106,1,863.99,415.29,285.33,261.94,0.96,-1,-1,-1
106,9,1328.67,352.96,104.39,20.54,0.29,-1,-1,-1
107,1,864.13,414.93,285.06,261.99,0.96,-1,-1,-1
107,9,1328.89,352.98,108.30,21.24,0.22,-1,-1,-1
108,1,862.32,411.67,288.96,266.35,0.95,-1,-1,-1
108,9,1330.29,352.89,106.78,20.67,0.27,-1,-1,-1
109,1,862.50,411.93,287.56,265.50,0.95,-1,-1,-1
109,4,1779.88,378.73,115.21,23.51,0.28,-1,-1,-1
110,1,861.96,411.02,288.04,266.51,0.95,-1,-1,-1
110,9,1327.63,351.97,110.41,21.41,0.32,-1,-1,-1
111,1,860.11,408.39,292.17,271.07,0.95,-1,-1,-1
111,2,1830.81,409.40,93.17,22.48,0.22,-1,-1,-1
112,1,860.12,410.46,291.35,270.91,0.96,-1,-1,-1
112,2,1830.69,409.53,93.52,23.01,0.33,-1,-1,-1
112,9,1323.62,359.19,103.61,20.31,0.21,-1,-1,-1
113,1,862.50,414.25,288.23,267.70,0.96,-1,-1,-1
113,2,1834.38,410.64,85.80,20.96,0.20,-1,-1,-1
114,1,863.02,415.03,288.06,267.25,0.96,-1,-1,-1
114,2,1832.00,410.31,90.34,22.37,0.40,-1,-1,-1
115,1,861.62,413.79,289.07,268.41,0.96,-1,-1,-1
116,1,863.46,416.08,287.43,266.49,0.96,-1,-1,-1
116,4,1778.39,380.67,115.39,23.53,0.20,-1,-1,-1
117,1,861.81,415.48,287.58,266.95,0.96,-1,-1,-1
117,2,1831.82,410.85,90.76,22.67,0.39,-1,-1,-1
118,1,860.58,413.91,287.57,267.38,0.96,-1,-1,-1
118,2,1834.96,411.25,84.50,20.99,0.25,-1,-1,-1
119,1,861.19,414.49,286.33,266.29,0.96,-1,-1,-1
119,9,1315.54,355.35,123.37,25.03,0.41,-1,-1,-1
120,1,860.94,416.00,285.84,265.96,0.96,-1,-1,-1
120,2,1835.51,412.00,82.00,20.20,0.54,-1,-1,-1
121,1,859.84,417.49,283.77,264.19,0.97,-1,-1,-1
122,1,857.65,414.69,286.39,267.36,0.96,-1,-1,-1
122,9,1325.54,348.95,111.76,22.15,0.26,-1,-1,-1
123,1,857.10,416.43,284.12,265.79,0.97,-1,-1,-1
124,1,857.24,418.54,282.38,264.27,0.97,-1,-1,-1
125,1,854.86,417.31,282.48,265.09,0.97,-1,-1,-1
126,1,856.22,417.81,282.00,264.42,0.97,-1,-1,-1
126,11,1626.65,350.55,169.32,33.98,0.23,-1,-1,-1
126,2,1849.77,413.46,78.00,20.22,0.22,-1,-1,-1
127,1,855.84,418.75,280.92,263.39,0.97,-1,-1,-1
128,1,855.85,419.86,280.94,263.37,0.97,-1,-1,-1
128,9,1321.18,350.64,111.10,22.29,0.31,-1,-1,-1
129,1,853.56,420.25,282.19,265.00,0.97,-1,-1,-1
130,1,851.97,420.18,281.98,265.33,0.96,-1,-1,-1
130,2,1848.78,413.06,77.28,20.74,0.23,-1,-1,-1
131,1,849.88,419.70,283.39,267.46,0.96,-1,-1,-1
132,1,850.21,420.10,283.76,268.21,0.97,-1,-1,-1
132,2,1849.55,412.78,74.33,20.49,0.26,-1,-1,-1
133,1,850.35,419.60,284.00,268.82,0.97,-1,-1,-1
134,1,850.09,420.28,283.68,268.86,0.97,-1,-1,-1
134,4,1749.20,377.33,128.86,25.42,0.33,-1,-1,-1
135,1,849.27,419.90,282.76,268.58,0.97,-1,-1,-1
135,11,1639.73,363.52,153.37,29.61,0.24,-1,-1,-1
136,1,848.71,419.61,281.78,268.16,0.97,-1,-1,-1
136,2,1828.60,410.13,87.08,23.46,0.24,-1,-1,-1
137,1,849.98,420.59,281.39,267.60,0.97,-1,-1,-1
138,1,850.14,421.74,280.77,266.86,0.97,-1,-1,-1
138,4,1777.08,377.74,132.27,26.73,0.24,-1,-1,-1
139,1,848.34,418.68,283.43,269.60,0.96,-1,-1,-1
139,4,1782.94,378.17,126.38,26.20,0.44,-1,-1,-1
139,2,1844.24,413.32,77.08,21.23,0.33,-1,-1,-1
140,1,848.53,419.69,283.11,269.13,0.97,-1,-1,-1
140,4,1773.96,377.36,128.36,26.45,0.22,-1,-1,-1
140,2,1846.91,413.05,74.50,20.83,0.27,-1,-1,-1
140,11,1634.67,360.45,160.50,30.43,0.29,-1,-1,-1
141,1,847.02,418.74,283.40,269.77,0.97,-1,-1,-1
142,1,846.17,420.94,279.24,266.19,0.96,-1,-1,-1
143,1,845.75,420.58,279.40,266.62,0.96,-1,-1,-1
144,1,843.21,419.45,280.05,268.35,0.96,-1,-1,-1
145,1,840.57,417.90,282.45,272.04,0.96,-1,-1,-1
146,1,842.04,419.82,279.50,269.70,0.96,-1,-1,-1
147,1,842.58,421.41,276.53,267.27,0.96,-1,-1,-1
148,1,841.62,421.45,275.95,267.22,0.96,-1,-1,-1
149,1,840.31,421.39,275.94,268.05,0.95,-1,-1,-1
150,1,840.61,422.76,274.02,266.73,0.95,-1,-1,-1
151,1,840.51,422.51,272.27,265.60,0.95,-1,-1,-1
151,4,1743.17,372.85,143.02,29.11,0.20,-1,-1,-1
152,1,839.59,422.31,272.36,266.20,0.95,-1,-1,-1
153,1,838.68,422.13,271.85,266.28,0.95,-1,-1,-1
154,1,837.43,421.30,273.15,268.44,0.95,-1,-1,-1
155,1,837.54,422.20,272.99,268.86,0.95,-1,-1,-1
156,1,837.13,422.34,272.91,269.22,0.95,-1,-1,-1
157,1,836.89,422.28,273.77,270.63,0.96,-1,-1,-1
158,1,836.73,423.45,273.40,270.69,0.97,-1,-1,-1
159,1,835.99,424.47,273.05,270.69,0.95,-1,-1,-1
159,4,1758.95,375.57,129.43,26.57,0.22,-1,-1,-1
160,1,836.16,424.63,273.35,271.32,0.96,-1,-1,-1
160,4,1763.82,377.37,121.14,24.97,0.32,-1,-1,-1
161,1,834.18,425.39,274.95,273.51,0.97,-1,-1,-1
161,2,1817.04,407.99,97.08,26.32,0.29,-1,-1,-1
162,1,834.58,424.27,275.10,273.76,0.97,-1,-1,-1
163,1,834.46,426.73,275.20,273.78,0.96,-1,-1,-1
164,1,832.85,426.40,275.11,274.06,0.97,-1,-1,-1
165,1,832.66,427.01,275.11,274.05,0.97,-1,-1,-1
166,1,832.24,426.99,275.42,274.50,0.97,-1,-1,-1
166,29,1588.70,407.60,80.62,20.82,0.23,-1,-1,-1
166,11,1565.32,343.54,212.19,41.93,0.23,-1,-1,-1
167,1,831.77,428.08,274.90,273.98,0.96,-1,-1,-1
167,29,1603.24,410.80,71.85,18.48,0.53,-1,-1,-1
168,1,831.08,428.62,274.88,273.93,0.96,-1,-1,-1
168,11,1575.64,352.57,189.16,36.95,0.21,-1,-1,-1
169,1,830.87,428.52,274.85,273.81,0.96,-1,-1,-1
169,2,1835.23,409.05,86.18,23.80,0.22,-1,-1,-1
170,1,829.14,428.66,273.94,273.19,0.96,-1,-1,-1
170,29,1606.13,412.39,65.56,16.78,0.37,-1,-1,-1
171,1,829.29,428.47,272.99,272.22,0.96,-1,-1,-1
171,29,1601.39,411.13,71.93,18.44,0.30,-1,-1,-1
171,2,1835.86,410.53,83.36,23.07,0.20,-1,-1,-1
172,1,827.19,428.22,273.55,273.21,0.96,-1,-1,-1
172,2,1836.49,411.36,80.90,22.15,0.29,-1,-1,-1
173,1,826.10,427.31,273.14,273.16,0.96,-1,-1,-1
173,2,1837.47,411.95,79.28,21.52,0.39,-1,-1,-1
173,32,1515.32,394.77,89.21,19.05,0.33,-1,-1,-1
173,29,1604.20,412.53,66.19,16.89,0.45,-1,-1,-1
174,1,823.71,427.85,272.16,272.91,0.96,-1,-1,-1
174,29,1601.40,412.33,70.36,17.99,0.60,-1,-1,-1
175,1,822.80,427.89,270.11,271.47,0.96,-1,-1,-1
175,29,1601.35,411.99,71.27,18.20,0.44,-1,-1,-1
175,4,1771.78,380.18,112.65,23.61,0.21,-1,-1,-1
175,32,1515.46,395.17,87.64,18.75,0.49,-1,-1,-1
176,1,822.52,427.81,269.05,270.86,0.96,-1,-1,-1
176,29,1600.94,412.01,70.64,18.01,0.38,-1,-1,-1
176,32,1516.93,394.59,89.84,19.22,0.39,-1,-1,-1
176,2,1820.16,411.61,83.89,21.66,0.24,-1,-1,-1
177,1,822.05,427.88,268.74,271.08,0.96,-1,-1,-1
178,1,821.14,428.00,267.79,270.77,0.96,-1,-1,-1
178,33,1573.63,292.52,75.38,50.78,0.25,-1,-1,-1
179,1,820.46,427.62,268.06,271.84,0.97,-1,-1,-1
179,33,1578.02,285.94,86.78,58.20,0.49,-1,-1,-1
179,29,1600.54,410.69,77.46,19.80,0.31,-1,-1,-1
179,32,1513.12,393.84,88.77,19.13,0.57,-1,-1,-1
180,1,819.79,428.17,267.56,271.92,0.96,-1,-1,-1
180,33,1573.62,284.43,84.57,56.71,0.25,-1,-1,-1
180,29,1602.03,409.29,81.11,20.69,0.26,-1,-1,-1
180,32,1513.34,393.64,88.88,19.31,0.45,-1,-1,-1
181,1,818.86,428.19,267.86,272.84,0.96,-1,-1,-1
181,33,1569.14,284.71,79.28,53.09,0.34,-1,-1,-1
182,1,818.18,428.52,266.95,272.42,0.96,-1,-1,-1
183,1,818.05,429.14,265.90,271.56,0.96,-1,-1,-1
183,33,1569.51,286.32,73.77,49.10,0.29,-1,-1,-1
184,1,816.36,427.73,267.36,273.64,0.97,-1,-1,-1
184,33,1565.96,287.42,75.65,50.38,0.42,-1,-1,-1
184,29,1599.23,411.40,73.43,18.52,0.21,-1,-1,-1
185,1,817.53,428.17,264.90,271.12,0.97,-1,-1,-1
185,11,1628.49,360.23,166.15,31.92,0.24,-1,-1,-1
186,1,816.34,427.80,266.71,273.26,0.96,-1,-1,-1
186,29,1603.96,412.86,69.02,17.08,0.36,-1,-1,-1
187,1,816.64,428.56,264.84,271.48,0.96,-1,-1,-1
187,29,1600.03,412.70,72.51,17.89,0.45,-1,-1,-1
187,33,1568.77,286.32,79.18,52.50,0.29,-1,-1,-1
188,1,816.74,429.22,264.62,271.25,0.96,-1,-1,-1
188,29,1598.28,412.55,73.04,18.06,0.42,-1,-1,-1
188,33,1571.07,283.87,88.90,58.23,0.38,-1,-1,-1
189,1,814.15,428.32,267.64,274.98,0.96,-1,-1,-1
190,1,812.81,428.35,268.17,276.04,0.96,-1,-1,-1
190,29,1595.92,411.98,73.32,18.26,0.34,-1,-1,-1
191,1,812.13,428.47,267.80,276.18,0.96,-1,-1,-1
192,1,811.53,428.94,268.15,276.88,0.96,-1,-1,-1
193,1,811.16,428.83,268.65,277.76,0.96,-1,-1,-1
194,1,810.56,429.41,267.78,277.43,0.96,-1,-1,-1
194,33,1567.55,294.24,74.76,47.77,0.22,-1,-1,-1
195,1,809.67,428.10,267.31,277.84,0.96,-1,-1,-1
195,32,1506.09,396.30,84.70,17.87,0.38,-1,-1,-1
196,1,809.09,429.18,267.78,279.02,0.96,-1,-1,-1
197,1,809.67,429.69,265.65,277.23,0.95,-1,-1,-1
197,32,1514.05,396.84,84.14,17.68,0.29,-1,-1,-1
198,1,809.20,429.57,266.00,277.79,0.95,-1,-1,-1
198,32,1517.67,396.93,87.61,18.09,0.22,-1,-1,-1
199,1,807.73,429.56,267.79,280.10,0.96,-1,-1,-1
199,32,1517.80,398.41,81.71,16.75,0.40,-1,-1,-1
200,1,806.00,429.85,269.12,281.92,0.95,-1,-1,-1
200,32,1514.59,396.60,86.56,17.91,0.27,-1,-1,-1
201,1,805.51,429.67,268.51,281.64,0.96,-1,-1,-1
201,32,1517.01,396.85,91.12,18.86,0.30,-1,-1,-1
201,11,1692.42,367.16,146.90,28.81,0.25,-1,-1,-1
201,29,1594.98,412.76,70.17,17.72,0.32,-1,-1,-1
202,1,805.43,431.22,266.40,279.70,0.96,-1,-1,-1
203,1,804.57,430.69,267.43,281.55,0.96,-1,-1,-1
203,32,1513.85,396.93,84.60,17.87,0.62,-1,-1,-1
204,1,804.68,431.45,266.46,281.13,0.96,-1,-1,-1
204,32,1513.38,396.30,84.80,18.05,0.38,-1,-1,-1
205,1,804.30,430.86,265.36,280.56,0.95,-1,-1,-1
205,32,1518.34,395.48,93.58,19.64,0.22,-1,-1,-1
206,1,803.62,430.79,265.73,281.40,0.95,-1,-1,-1
206,32,1514.69,396.86,84.55,17.98,0.65,-1,-1,-1
206,29,1597.91,411.94,66.06,16.75,0.45,-1,-1,-1
207,1,803.12,430.86,265.37,281.54,0.95,-1,-1,-1
207,32,1511.91,396.39,86.01,18.60,0.33,-1,-1,-1
207,33,1555.51,284.77,83.42,55.08,0.36,-1,-1,-1
208,1,803.79,431.14,265.39,281.57,0.96,-1,-1,-1
209,1,802.87,431.44,265.55,281.95,0.95,-1,-1,-1
209,29,1594.89,412.17,71.64,18.26,0.36,-1,-1,-1
209,32,1512.89,395.07,94.22,20.48,0.29,-1,-1,-1
209,33,1567.41,288.42,90.09,56.07,0.52,-1,-1,-1
210,1,802.42,431.81,265.12,281.82,0.96,-1,-1,-1
210,29,1594.40,411.95,72.30,18.37,0.23,-1,-1,-1
210,32,1512.95,395.96,86.15,18.73,0.42,-1,-1,-1
211,1,802.98,432.59,264.35,280.82,0.97,-1,-1,-1
211,32,1518.87,397.53,80.75,17.23,0.28,-1,-1,-1
211,11,1703.83,371.44,152.63,29.89,0.35,-1,-1,-1
212,1,802.09,433.41,263.59,280.24,0.70,-1,-1,-1
212,32,1516.26,398.31,77.76,16.61,0.58,-1,-1,-1
213,1,801.39,433.12,265.03,282.19,0.92,-1,-1,-1
213,38,802.35,432.55,262.67,286.31,0.21,-1,-1,-1
214,32,1515.24,398.85,74.16,15.95,0.51,-1,-1,-1
215,32,1516.38,397.64,81.73,17.50,0.21,-1,-1,-1
215,29,1597.04,411.03,81.82,20.57,0.47,-1,-1,-1
215,1,798.69,433.70,266.97,284.91,0.98,-1,-1,-1
216,1,797.85,434.27,266.87,285.32,0.96,-1,-1,-1
217,1,797.44,434.34,267.19,286.17,0.86,-1,-1,-1
217,39,798.89,435.49,263.10,284.99,0.74,-1,-1,-1
217,29,1597.96,410.18,82.15,20.22,0.21,-1,-1,-1
218,1,796.50,433.67,268.56,288.23,0.90,-1,-1,-1
218,39,797.66,434.34,265.22,287.33,0.90,-1,-1,-1
218,32,1529.89,398.52,91.84,18.64,0.32,-1,-1,-1
220,1,795.13,433.91,268.44,288.54,0.93,-1,-1,-1
221,1,794.10,434.07,267.12,287.56,0.96,-1,-1,-1
221,29,1595.77,413.00,68.71,16.86,0.22,-1,-1,-1
222,1,793.00,433.31,268.30,289.61,0.96,-1,-1,-1
223,1,792.47,433.46,267.70,289.60,0.96,-1,-1,-1
223,32,1526.38,399.23,114.53,22.84,0.20,-1,-1,-1
224,1,791.68,433.65,268.23,290.68,0.95,-1,-1,-1
225,1,791.08,433.69,268.93,292.17,0.94,-1,-1,-1
226,1,791.24,433.75,270.09,293.84,0.87,-1,-1,-1
226,11,1687.56,370.26,166.19,32.04,0.25,-1,-1,-1
227,1,791.51,433.70,268.70,292.61,0.75,-1,-1,-1
227,40,795.47,435.64,261.09,294.14,0.70,-1,-1,-1
228,1,792.13,434.55,268.06,292.03,0.49,-1,-1,-1
228,40,796.00,436.16,260.74,293.70,0.83,-1,-1,-1
228,42,1301.63,347.31,98.17,22.38,0.28,-1,-1,-1
228,11,1688.66,370.56,167.98,32.26,0.24,-1,-1,-1
229,1,792.70,434.80,267.72,291.40,0.27,-1,-1,-1
229,40,796.34,436.34,260.77,293.59,0.92,-1,-1,-1
230,1,791.77,434.88,267.55,291.32,0.20,-1,-1,-1
230,40,794.90,436.33,260.96,293.74,0.92,-1,-1,-1
230,43,227.49,415.05,69.92,18.98,0.26,-1,-1,-1
230,42,1312.12,350.83,86.27,19.62,0.26,-1,-1,-1
230,11,1690.65,370.51,168.86,31.92,0.28,-1,-1,-1
232,1,789.43,436.10,268.89,293.70,0.95,-1,-1,-1
233,1,789.04,436.61,268.25,293.64,0.96,-1,-1,-1
233,42,1325.79,352.71,84.32,19.37,0.31,-1,-1,-1
234,1,787.90,436.93,268.66,294.96,0.97,-1,-1,-1
235,1,787.26,438.26,267.38,294.20,0.97,-1,-1,-1
236,1,786.08,437.98,266.97,294.63,0.96,-1,-1,-1
237,1,785.20,437.26,267.73,296.43,0.95,-1,-1,-1
237,42,1301.47,347.89,99.59,22.72,0.22,-1,-1,-1
238,1,785.60,437.41,267.63,296.82,0.97,-1,-1,-1
238,42,1324.66,337.46,124.51,28.72,0.27,-1,-1,-1
239,1,786.12,437.25,266.69,296.02,0.96,-1,-1,-1
240,1,785.69,437.30,266.16,295.58,0.96,-1,-1,-1
240,33,1555.84,289.71,87.09,53.71,0.35,-1,-1,-1
241,1,784.96,437.18,265.77,295.56,0.91,-1,-1,-1
242,1,783.67,436.74,265.96,296.64,0.96,-1,-1,-1
243,1,781.51,436.76,266.18,298.09,0.97,-1,-1,-1
244,1,781.79,436.86,264.87,297.18,0.96,-1,-1,-1
245,1,781.19,436.69,264.29,297.19,0.97,-1,-1,-1
246,1,779.99,436.21,264.59,298.30,0.92,-1,-1,-1
247,1,779.63,435.85,265.16,299.50,0.92,-1,-1,-1
248,1,779.58,435.98,264.93,299.90,0.97,-1,-1,-1
249,1,779.32,435.72,265.37,300.82,0.96,-1,-1,-1
249,42,1323.25,328.17,125.88,29.65,0.28,-1,-1,-1
249,33,1579.31,291.71,108.03,50.87,0.21,-1,-1,-1
250,1,778.32,435.18,265.30,301.46,0.97,-1,-1,-1
250,42,1313.07,324.17,139.11,33.20,0.26,-1,-1,-1
251,1,778.35,435.53,263.84,300.22,0.90,-1,-1,-1
252,1,777.86,436.25,262.94,299.48,0.97,-1,-1,-1
252,49,1282.47,362.94,56.67,14.84,0.43,-1,-1,-1
252,50,1333.29,360.66,70.12,13.77,0.34,-1,-1,-1
252,32,1538.25,398.78,109.20,22.34,0.32,-1,-1,-1
253,1,777.15,436.10,262.71,299.60,0.97,-1,-1,-1
253,49,1285.90,363.93,50.52,13.21,0.42,-1,-1,-1
253,50,1336.45,361.37,65.44,12.91,0.40,-1,-1,-1
254,1,776.95,436.48,263.22,300.43,0.97,-1,-1,-1
254,50,1316.22,357.20,88.25,17.48,0.25,-1,-1,-1
254,42,1317.40,326.34,122.16,29.77,0.28,-1,-1,-1
255,1,776.30,436.46,264.17,301.75,0.96,-1,-1,-1
255,50,1322.29,357.90,83.24,16.66,0.27,-1,-1,-1
255,32,1541.98,403.79,97.15,19.75,0.20,-1,-1,-1
255,49,1282.10,363.00,55.22,14.49,0.52,-1,-1,-1
256,1,775.81,436.69,264.61,302.54,0.96,-1,-1,-1
256,50,1319.75,355.68,86.70,17.51,0.26,-1,-1,-1
256,32,1510.20,399.07,85.85,18.02,0.27,-1,-1,-1
256,49,1282.65,362.87,55.11,14.49,0.44,-1,-1,-1
257,1,773.89,436.70,264.05,302.83,0.95,-1,-1,-1
257,50,1320.09,357.14,84.41,17.15,0.34,-1,-1,-1
257,32,1531.77,399.57,99.33,21.09,0.29,-1,-1,-1
257,49,1282.58,363.22,55.56,14.66,0.47,-1,-1,-1
257,42,1312.05,344.30,90.48,21.78,0.22,-1,-1,-1
258,1,772.83,436.92,262.58,302.24,0.96,-1,-1,-1
258,32,1511.17,396.63,92.41,19.51,0.21,-1,-1,-1
258,49,1279.84,362.37,56.57,15.00,0.35,-1,-1,-1
258,11,1675.20,371.04,164.15,30.79,0.26,-1,-1,-1
259,1,772.58,436.89,262.28,302.70,0.96,-1,-1,-1
259,32,1504.77,396.46,83.88,17.86,0.23,-1,-1,-1
259,49,1282.80,364.12,52.17,13.76,0.58,-1,-1,-1
259,50,1326.23,359.26,73.96,15.12,0.34,-1,-1,-1
260,1,771.92,436.12,264.00,305.17,0.95,-1,-1,-1
260,32,1498.25,395.64,83.79,17.88,0.61,-1,-1,-1
260,49,1283.11,364.60,51.76,13.58,0.55,-1,-1,-1
260,50,1330.21,360.39,69.93,14.43,0.53,-1,-1,-1
260,42,1333.82,335.31,104.60,25.09,0.27,-1,-1,-1
261,1,771.59,436.13,264.22,305.89,0.95,-1,-1,-1
261,32,1493.50,395.28,85.66,18.56,0.69,-1,-1,-1
261,50,1325.40,358.88,76.24,15.91,0.23,-1,-1,-1
262,1,769.46,435.22,264.97,307.81,0.95,-1,-1,-1
262,32,1492.17,394.69,87.65,19.22,0.55,-1,-1,-1
263,1,768.47,435.25,264.65,308.72,0.96,-1,-1,-1
263,32,1494.01,396.01,83.99,18.45,0.47,-1,-1,-1
263,49,1281.30,363.42,56.00,14.79,0.32,-1,-1,-1
263,42,1321.53,349.16,85.98,20.85,0.35,-1,-1,-1
263,50,1325.00,358.42,78.48,16.74,0.22,-1,-1,-1
264,1,768.09,434.92,264.08,309.25,0.96,-1,-1,-1
264,32,1495.50,396.12,80.91,17.80,0.64,-1,-1,-1
264,42,1323.31,353.08,76.69,18.69,0.26,-1,-1,-1
265,1,767.81,435.12,262.82,308.44,0.95,-1,-1,-1
265,32,1493.53,395.20,84.43,18.77,0.54,-1,-1,-1
265,49,1283.35,364.06,52.56,13.87,0.34,-1,-1,-1
265,50,1328.44,359.08,72.65,15.78,0.21,-1,-1,-1
266,1,767.68,435.51,261.46,307.54,0.94,-1,-1,-1
266,32,1492.28,395.47,85.90,19.34,0.69,-1,-1,-1
266,49,1282.41,363.49,53.44,14.13,0.39,-1,-1,-1
267,1,767.30,436.25,259.78,306.21,0.95,-1,-1,-1
267,32,1496.52,396.96,81.51,18.28,0.52,-1,-1,-1
267,49,1285.36,364.47,50.25,13.29,0.24,-1,-1,-1
268,1,766.72,437.00,258.79,305.59,0.94,-1,-1,-1
268,32,1496.77,397.63,79.43,17.83,0.35,-1,-1,-1
269,1,766.48,437.88,258.26,305.37,0.94,-1,-1,-1
269,32,1497.36,394.56,91.33,20.45,0.43,-1,-1,-1
269,49,1283.92,363.13,55.47,14.81,0.32,-1,-1,-1
270,1,765.79,438.21,257.85,305.56,0.94,-1,-1,-1
270,32,1496.75,395.99,85.10,19.17,0.63,-1,-1,-1
270,49,1256.15,357.00,74.48,19.36,0.21,-1,-1,-1
271,1,764.23,437.12,258.98,307.94,0.94,-1,-1,-1
271,32,1496.43,395.91,82.45,18.62,0.55,-1,-1,-1
271,49,1269.99,360.23,64.90,16.93,0.59,-1,-1,-1
271,50,1329.95,360.67,68.78,15.21,0.31,-1,-1,-1
272,1,763.30,436.81,258.44,308.35,0.91,-1,-1,-1
272,32,1495.91,396.14,81.64,18.49,0.54,-1,-1,-1
272,49,1277.67,362.82,57.20,14.84,0.51,-1,-1,-1
273,1,762.04,435.72,258.17,309.71,0.86,-1,-1,-1
273,32,1499.05,396.69,77.72,17.34,0.50,-1,-1,-1
273,49,1280.87,363.15,56.20,14.64,0.63,-1,-1,-1
273,50,1337.33,361.46,61.62,13.82,0.46,-1,-1,-1
274,1,762.81,435.36,259.17,311.87,0.91,-1,-1,-1
274,32,1497.79,395.85,84.52,18.89,0.46,-1,-1,-1
274,49,1278.79,363.90,53.77,13.99,0.34,-1,-1,-1
275,1,763.46,435.33,259.88,313.57,0.94,-1,-1,-1
275,32,1497.91,395.81,81.15,18.10,0.57,-1,-1,-1
275,49,1280.17,364.52,52.51,13.71,0.62,-1,-1,-1
275,50,1333.99,361.26,62.94,14.35,0.36,-1,-1,-1
276,1,763.65,436.57,259.84,314.05,0.93,-1,-1,-1
276,32,1495.91,395.79,82.76,18.54,0.62,-1,-1,-1
276,49,1280.41,364.16,53.14,13.93,0.52,-1,-1,-1
277,1,763.19,437.42,258.26,313.04,0.93,-1,-1,-1
277,32,1500.11,395.12,88.20,19.43,0.35,-1,-1,-1
277,49,1280.97,363.86,54.54,14.35,0.58,-1,-1,-1
277,51,786.58,369.98,62.15,17.41,0.20,-1,-1,-1
277,50,1333.23,361.52,62.25,14.41,0.30,-1,-1,-1
278,1,762.78,437.16,257.96,313.53,0.93,-1,-1,-1
278,32,1496.12,395.64,83.61,18.53,0.70,-1,-1,-1
278,49,1281.01,363.95,53.74,14.17,0.57,-1,-1,-1
278,50,1334.70,361.56,60.55,14.17,0.33,-1,-1,-1
279,1,762.15,437.20,257.34,313.55,0.93,-1,-1,-1
279,32,1494.80,396.54,81.95,18.25,0.74,-1,-1,-1
279,49,1279.98,364.23,52.38,13.74,0.57,-1,-1,-1
279,50,1331.95,361.12,62.59,14.75,0.38,-1,-1,-1
280,1,762.08,437.10,258.06,314.61,0.93,-1,-1,-1
280,32,1496.13,396.66,80.13,17.86,0.68,-1,-1,-1
280,49,1278.17,363.80,55.40,14.54,0.52,-1,-1,-1
280,50,1330.25,361.08,63.18,14.88,0.44,-1,-1,-1
281,1,761.84,437.97,257.86,314.52,0.93,-1,-1,-1
281,32,1534.25,400.94,77.20,16.75,0.24,-1,-1,-1
281,49,1278.63,363.77,55.84,14.65,0.61,-1,-1,-1
281,50,1334.07,362.05,61.43,14.66,0.41,-1,-1,-1
282,1,762.08,439.72,257.57,313.88,0.95,-1,-1,-1
282,32,1510.07,399.00,75.76,16.40,0.49,-1,-1,-1
282,49,1278.40,363.71,56.52,14.86,0.62,-1,-1,-1
282,50,1339.20,362.39,58.27,14.17,0.53,-1,-1,-1
283,1,761.19,440.22,258.00,314.21,0.96,-1,-1,-1
283,32,1501.39,397.78,79.91,17.36,0.37,-1,-1,-1
283,49,1280.29,363.84,55.23,14.60,0.59,-1,-1,-1
283,50,1338.77,361.57,60.40,15.02,0.42,-1,-1,-1
284,1,759.80,440.71,258.65,314.85,0.81,-1,-1,-1
284,32,1499.91,397.61,81.18,17.54,0.31,-1,-1,-1
284,49,1282.72,363.45,56.14,14.85,0.62,-1,-1,-1
284,50,1337.60,360.77,61.94,15.75,0.30,-1,-1,-1
285,1,758.25,440.68,259.78,316.53,0.96,-1,-1,-1
285,32,1496.32,396.89,80.81,17.57,0.23,-1,-1,-1
285,49,1281.36,364.14,53.69,14.28,0.57,-1,-1,-1
285,50,1335.78,361.34,61.04,15.69,0.42,-1,-1,-1
285,54,1793.08,419.59,85.37,24.95,0.37,-1,-1,-1
286,1,757.46,439.81,260.72,317.99,0.94,-1,-1,-1
286,32,1493.46,396.67,81.72,17.90,0.28,-1,-1,-1
286,49,1280.81,364.66,52.70,14.07,0.69,-1,-1,-1
286,50,1336.67,361.12,60.25,15.65,0.36,-1,-1,-1
287,1,757.28,439.76,261.12,318.54,0.94,-1,-1,-1
287,49,1280.99,363.84,52.65,14.15,0.41,-1,-1,-1
288,1,756.03,439.74,262.30,320.16,0.96,-1,-1,-1
288,49,1281.35,364.00,52.67,14.22,0.65,-1,-1,-1
288,32,1493.54,397.07,79.70,17.59,0.48,-1,-1,-1
288,50,1337.83,361.08,59.48,15.67,0.29,-1,-1,-1
289,1,754.89,438.98,262.93,321.62,0.93,-1,-1,-1
289,49,1280.95,364.49,51.81,13.96,0.49,-1,-1,-1
289,32,1496.54,397.50,79.94,17.65,0.43,-1,-1,-1
289,50,1340.01,361.59,56.41,15.04,0.33,-1,-1,-1
290,1,754.88,440.55,261.50,320.18,0.95,-1,-1,-1
290,49,1279.24,364.79,52.44,14.17,0.68,-1,-1,-1
290,32,1495.91,397.15,79.76,17.64,0.55,-1,-1,-1
290,50,1339.20,361.30,57.23,15.51,0.42,-1,-1,-1
290,57,1578.18,411.88,74.83,18.69,0.42,-1,-1,-1
291,1,754.44,440.85,263.40,323.59,0.96,-1,-1,-1
291,49,1278.79,364.94,52.25,14.13,0.62,-1,-1,-1
291,32,1494.61,397.45,81.58,18.02,0.49,-1,-1,-1
291,50,1333.81,361.04,59.20,16.00,0.39,-1,-1,-1
292,1,754.46,441.73,262.98,323.92,0.95,-1,-1,-1
292,49,1279.19,365.21,51.46,13.94,0.62,-1,-1,-1
292,32,1494.69,396.78,83.43,18.45,0.37,-1,-1,-1
292,50,1334.90,361.43,57.81,15.68,0.48,-1,-1,-1
292,57,1575.94,412.94,75.56,18.85,0.53,-1,-1,-1
293,1,754.04,440.87,263.74,325.76,0.96,-1,-1,-1
293,49,1276.77,364.30,54.56,14.89,0.63,-1,-1,-1
293,32,1493.67,397.85,83.96,18.55,0.45,-1,-1,-1
293,50,1333.61,361.38,58.16,15.77,0.41,-1,-1,-1
293,57,1570.30,408.26,87.31,21.78,0.28,-1,-1,-1
294,1,754.26,441.01,262.75,325.07,0.95,-1,-1,-1
294,49,1280.01,364.45,52.19,14.32,0.50,-1,-1,-1
294,32,1496.96,398.19,83.65,18.36,0.38,-1,-1,-1
295,1,753.70,440.44,262.59,325.68,0.96,-1,-1,-1
295,49,1279.99,365.58,50.65,13.86,0.54,-1,-1,-1
295,32,1496.06,397.92,82.73,18.20,0.62,-1,-1,-1
295,57,1571.95,407.97,87.67,21.82,0.20,-1,-1,-1
296,1,753.71,441.59,262.30,326.11,0.95,-1,-1,-1
296,49,1278.97,365.14,51.21,13.95,0.60,-1,-1,-1
296,57,1574.80,411.53,77.91,19.34,0.34,-1,-1,-1
296,50,1334.62,361.81,56.82,15.35,0.45,-1,-1,-1
297,1,753.74,441.79,262.33,326.67,0.96,-1,-1,-1
297,49,1276.76,364.18,54.06,14.85,0.66,-1,-1,-1
297,50,1328.74,360.36,61.55,16.59,0.24,-1,-1,-1
298,1,753.50,441.93,263.12,328.23,0.95,-1,-1,-1
298,49,1276.61,364.29,53.59,14.74,0.61,-1,-1,-1
298,57,1577.79,413.68,71.07,17.51,0.46,-1,-1,-1
299,1,753.13,442.09,263.07,328.85,0.95,-1,-1,-1
299,49,1275.43,363.68,55.97,15.46,0.49,-1,-1,-1
299,32,1492.67,397.75,81.45,18.02,0.44,-1,-1,-1
299,50,1328.35,359.86,63.41,17.24,0.43,-1,-1,-1
300,1,752.00,441.72,263.27,329.83,0.95,-1,-1,-1
300,49,1275.59,363.22,56.07,15.57,0.68,-1,-1,-1
300,32,1492.58,394.97,91.33,19.93,0.24,-1,-1,-1
300,50,1328.85,359.65,63.09,17.30,0.26,-1,-1,-1
300,57,1576.94,412.87,74.88,18.47,0.42,-1,-1,-1
301,1,752.00,442.24,262.79,329.69,0.93,-1,-1,-1
301,49,1276.11,363.73,55.18,15.33,0.65,-1,-1,-1
301,32,1491.11,396.85,83.57,18.14,0.62,-1,-1,-1
301,50,1331.33,359.56,61.90,17.19,0.26,-1,-1,-1
301,54,1798.24,419.65,91.38,25.78,0.44,-1,-1,-1
302,1,751.27,442.29,263.28,331.24,0.94,-1,-1,-1
302,49,1276.66,364.36,53.23,14.66,0.58,-1,-1,-1
302,32,1491.10,396.78,83.79,18.31,0.56,-1,-1,-1
302,50,1332.64,359.83,59.67,16.61,0.45,-1,-1,-1
303,1,751.72,442.80,262.43,330.73,0.93,-1,-1,-1
303,49,1275.06,363.77,56.89,15.81,0.61,-1,-1,-1
303,32,1490.04,396.63,84.21,18.45,0.54,-1,-1,-1
303,54,1795.39,419.25,93.79,26.24,0.23,-1,-1,-1
304,1,751.39,442.59,262.64,331.51,0.93,-1,-1,-1
304,49,1275.87,363.40,55.43,15.46,0.32,-1,-1,-1
304,32,1490.63,397.42,81.81,17.85,0.26,-1,-1,-1
304,59,1494.21,357.65,151.16,29.18,0.21,-1,-1,-1
304,54,1793.05,420.26,90.41,25.30,0.27,-1,-1,-1
304,50,1329.09,359.11,62.41,17.36,0.24,-1,-1,-1
305,1,751.12,443.73,261.52,330.35,0.93,-1,-1,-1
305,49,1274.85,363.06,56.92,15.96,0.42,-1,-1,-1
305,32,1491.69,397.03,82.58,18.03,0.27,-1,-1,-1
305,59,1494.44,359.35,141.44,27.30,0.23,-1,-1,-1
305,54,1795.39,420.63,88.90,24.90,0.22,-1,-1,-1
305,50,1328.74,359.55,62.40,17.27,0.28,-1,-1,-1
306,1,749.75,442.90,263.34,333.17,0.93,-1,-1,-1
306,49,1279.07,364.30,52.41,14.68,0.40,-1,-1,-1
306,32,1491.21,397.32,82.88,18.04,0.57,-1,-1,-1
306,54,1793.06,419.49,93.44,26.25,0.35,-1,-1,-1
306,50,1330.97,359.37,61.44,17.16,0.32,-1,-1,-1
307,1,749.09,442.85,263.66,334.08,0.93,-1,-1,-1
307,49,1277.49,364.08,51.96,14.50,0.40,-1,-1,-1
307,32,1494.05,397.42,79.95,17.40,0.62,-1,-1,-1
307,50,1333.81,359.74,58.48,16.36,0.36,-1,-1,-1
308,1,749.22,442.92,263.18,333.66,0.93,-1,-1,-1
308,49,1275.58,363.07,55.66,15.59,0.37,-1,-1,-1
308,32,1489.22,396.52,83.63,18.25,0.67,-1,-1,-1
308,54,1797.50,421.00,87.73,24.66,0.28,-1,-1,-1
309,1,748.59,442.96,262.82,333.58,0.93,-1,-1,-1
309,49,1276.72,364.00,53.99,15.03,0.68,-1,-1,-1
309,32,1490.34,396.66,81.60,17.79,0.43,-1,-1,-1
309,54,1799.23,422.46,81.87,23.01,0.27,-1,-1,-1
309,59,1500.07,360.79,135.05,25.95,0.23,-1,-1,-1
309,50,1333.09,360.86,56.27,15.64,0.27,-1,-1,-1
310,1,748.06,442.93,263.21,334.77,0.93,-1,-1,-1
310,49,1274.13,362.70,58.18,16.37,0.51,-1,-1,-1
310,59,1493.60,358.03,155.64,29.91,0.26,-1,-1,-1
311,1,748.26,443.33,263.49,335.63,0.93,-1,-1,-1
311,49,1275.00,362.72,57.60,16.32,0.62,-1,-1,-1
311,59,1515.19,348.91,158.73,30.87,0.22,-1,-1,-1
311,32,1491.62,397.24,79.36,17.39,0.28,-1,-1,-1
311,50,1334.52,359.99,58.62,16.39,0.32,-1,-1,-1
312,1,747.92,443.10,264.09,336.68,0.93,-1,-1,-1
312,49,1275.15,363.31,56.32,15.95,0.73,-1,-1,-1
312,32,1491.90,397.85,77.76,17.08,0.29,-1,-1,-1
312,50,1334.45,359.97,58.90,16.44,0.43,-1,-1,-1
313,1,747.54,443.05,264.56,337.75,0.93,-1,-1,-1
313,49,1275.43,363.37,55.64,15.72,0.70,-1,-1,-1
313,32,1490.75,397.81,79.81,17.40,0.44,-1,-1,-1
313,50,1336.81,360.49,57.45,16.15,0.37,-1,-1,-1
314,1,746.75,442.17,264.68,338.60,0.93,-1,-1,-1
314,49,1274.22,362.82,57.18,16.20,0.55,-1,-1,-1
314,32,1491.42,397.21,79.94,17.38,0.26,-1,-1,-1
314,50,1332.54,359.90,59.60,16.64,0.22,-1,-1,-1
315,1,746.26,441.59,264.66,339.38,0.93,-1,-1,-1
315,49,1275.82,363.21,54.44,15.45,0.67,-1,-1,-1
315,32,1492.55,397.74,78.75,17.03,0.31,-1,-1,-1
315,50,1334.16,360.03,59.08,16.65,0.36,-1,-1,-1
315,59,1495.04,355.94,140.10,27.12,0.33,-1,-1,-1
316,1,745.10,441.22,264.57,340.02,0.93,-1,-1,-1
316,49,1276.98,363.58,52.30,14.81,0.77,-1,-1,-1
316,50,1335.58,360.46,57.53,16.26,0.38,-1,-1,-1
316,62,1493.02,360.40,147.72,28.27,0.40,-1,-1,-1
316,59,1489.79,356.12,140.58,27.28,0.36,-1,-1,-1
317,1,743.30,440.75,265.38,342.20,0.94,-1,-1,-1
317,49,1274.35,363.04,55.40,15.70,0.67,-1,-1,-1
317,50,1332.48,359.88,58.57,16.53,0.35,-1,-1,-1
317,62,1495.36,360.10,150.15,28.73,0.22,-1,-1,-1
317,59,1489.36,355.59,143.95,27.99,0.24,-1,-1,-1
318,1,742.22,441.23,263.54,341.22,0.94,-1,-1,-1
318,49,1274.67,363.51,55.00,15.63,0.71,-1,-1,-1
318,50,1331.61,359.66,59.60,16.86,0.27,-1,-1,-1
318,62,1495.92,359.01,154.09,29.49,0.36,-1,-1,-1
318,59,1489.77,355.67,143.40,27.84,0.30,-1,-1,-1
319,1,741.17,441.96,262.22,341.10,0.94,-1,-1,-1
319,49,1274.86,363.56,54.33,15.46,0.76,-1,-1,-1
319,50,1331.85,360.18,58.87,16.60,0.46,-1,-1,-1
319,32,1488.93,397.05,80.48,17.53,0.67,-1,-1,-1
320,1,741.28,442.18,261.12,340.97,0.93,-1,-1,-1
320,49,1274.23,362.91,56.19,16.09,0.57,-1,-1,-1
321,1,741.26,442.68,259.10,339.42,0.93,-1,-1,-1
321,49,1274.25,363.34,55.83,16.02,0.70,-1,-1,-1
321,62,1492.13,351.23,174.75,33.61,0.20,-1,-1,-1
321,50,1327.48,359.81,62.22,17.47,0.25,-1,-1,-1
321,32,1488.16,397.24,80.86,17.82,0.30,-1,-1,-1
322,1,741.84,443.69,257.67,337.90,0.93,-1,-1,-1
322,49,1275.22,363.96,53.79,15.38,0.60,-1,-1,-1
322,32,1489.13,397.58,79.48,17.56,0.52,-1,-1,-1
322,59,1493.71,362.02,139.85,27.25,0.26,-1,-1,-1
323,1,739.38,444.28,256.27,337.73,0.93,-1,-1,-1
323,49,1275.27,363.69,52.95,15.13,0.72,-1,-1,-1
323,50,1327.83,359.49,61.61,17.32,0.24,-1,-1,-1
324,1,738.34,445.36,255.75,338.89,0.92,-1,-1,-1
324,49,1273.23,362.81,55.61,15.97,0.41,-1,-1,-1
324,50,1331.20,359.21,60.26,17.07,0.32,-1,-1,-1
324,32,1489.08,397.67,79.56,17.67,0.61,-1,-1,-1
324,59,1497.78,363.19,134.68,26.55,0.42,-1,-1,-1
325,1,738.36,445.66,253.14,336.98,0.92,-1,-1,-1
325,49,1274.67,362.93,54.98,15.77,0.70,-1,-1,-1
325,50,1325.75,358.15,61.68,17.34,0.23,-1,-1,-1
325,32,1490.69,397.93,77.54,17.20,0.46,-1,-1,-1
326,1,739.75,445.68,253.09,337.63,0.92,-1,-1,-1
326,49,1273.76,362.35,56.08,16.17,0.57,-1,-1,-1
326,59,1494.59,361.31,139.52,27.67,0.27,-1,-1,-1
327,1,736.74,445.87,252.30,338.70,0.92,-1,-1,-1
327,49,1271.96,362.01,58.04,16.94,0.50,-1,-1,-1
327,50,1325.66,357.82,65.72,18.61,0.23,-1,-1,-1
327,32,1488.10,397.55,81.33,18.14,0.36,-1,-1,-1
328,1,733.84,445.90,251.02,339.48,0.93,-1,-1,-1
328,49,1273.57,363.24,54.98,16.09,0.62,-1,-1,-1
328,59,1494.06,358.73,150.31,30.02,0.22,-1,-1,-1
329,1,732.94,444.94,250.69,341.10,0.92,-1,-1,-1
329,49,1275.32,363.92,51.60,15.01,0.61,-1,-1,-1
329,59,1496.61,360.08,138.36,27.78,0.30,-1,-1,-1
329,50,1323.07,358.49,61.50,17.05,0.31,-1,-1,-1
329,32,1490.97,398.35,79.05,17.49,0.27,-1,-1,-1
330,1,734.24,443.85,251.96,344.02,0.92,-1,-1,-1
330,49,1274.58,363.81,52.74,15.42,0.67,-1,-1,-1
330,59,1489.21,359.70,139.39,28.04,0.28,-1,-1,-1
330,50,1314.33,354.22,75.17,20.90,0.22,-1,-1,-1
330,62,1482.12,354.68,151.44,29.52,0.32,-1,-1,-1
331,1,736.15,444.44,251.67,344.14,0.92,-1,-1,-1
331,49,1273.50,363.07,54.26,15.91,0.53,-1,-1,-1
332,1,737.01,445.80,250.68,343.38,0.92,-1,-1,-1
332,49,1273.35,363.12,54.52,16.03,0.53,-1,-1,-1
332,59,1491.02,360.18,144.62,29.26,0.28,-1,-1,-1
333,1,737.39,446.29,251.11,344.25,0.93,-1,-1,-1
333,49,1275.45,363.35,53.42,15.75,0.73,-1,-1,-1
333,32,1494.64,399.33,72.69,16.26,0.23,-1,-1,-1
333,50,1325.90,357.55,62.23,17.24,0.21,-1,-1,-1
334,1,736.33,446.13,250.90,344.82,0.92,-1,-1,-1
334,49,1276.54,363.20,53.07,15.55,0.62,-1,-1,-1
334,59,1487.73,359.70,139.36,28.24,0.41,-1,-1,-1
335,1,738.09,445.25,252.22,346.37,0.92,-1,-1,-1
335,49,1275.25,363.12,54.24,15.94,0.59,-1,-1,-1
335,63,758.77,383.63,44.24,14.40,0.29,-1,-1,-1
336,1,737.79,444.66,252.46,346.81,0.92,-1,-1,-1
336,49,1273.87,362.19,56.20,16.65,0.35,-1,-1,-1
336,63,758.68,382.82,43.99,14.31,0.25,-1,-1,-1
337,1,737.33,443.51,253.08,347.54,0.92,-1,-1,-1
337,49,1273.59,363.06,53.25,15.78,0.55,-1,-1,-1
337,32,1491.39,399.44,75.20,16.72,0.41,-1,-1,-1
337,50,1316.00,357.81,65.66,17.79,0.24,-1,-1,-1
