1,1,902.40,486.03,356.20,90.32,0.94,-1,-1,-1
1,2,820.44,701.82,164.64,35.52,0.87,-1,-1,-1
1,3,1735.68,717.46,184.32,64.24,0.85,-1,-1,-1
1,4,655.08,770.52,188.67,48.73,0.42,-1,-1,-1
2,1,900.36,484.95,361.12,91.59,0.94,-1,-1,-1
2,2,817.55,700.48,171.77,37.08,0.87,-1,-1,-1
2,3,1732.29,715.58,190.70,66.51,0.90,-1,-1,-1
3,1,897.53,484.35,359.67,91.27,0.93,-1,-1,-1
3,2,820.08,701.42,165.87,35.77,0.87,-1,-1,-1
3,3,1732.76,715.32,190.24,66.40,0.89,-1,-1,-1
3,4,657.03,771.09,186.08,48.04,0.33,-1,-1,-1
4,1,907.93,489.48,342.38,86.70,0.93,-1,-1,-1
4,2,819.65,701.02,168.27,36.29,0.90,-1,-1,-1
4,3,1738.19,718.71,181.51,63.32,0.68,-1,-1,-1
4,4,656.40,771.57,185.42,47.83,0.48,-1,-1,-1
5,1,907.29,489.26,346.32,87.63,0.94,-1,-1,-1
5,2,822.38,701.62,168.43,36.28,0.87,-1,-1,-1
5,3,1741.59,720.56,177.40,61.85,0.31,-1,-1,-1
5,4,661.90,772.96,174.07,44.65,0.52,-1,-1,-1
5,5,1738.96,719.80,181.54,58.88,0.46,-1,-1,-1
6,1,911.53,490.65,340.69,85.96,0.94,-1,-1,-1
6,2,824.27,702.15,167.94,36.11,0.87,-1,-1,-1
6,3,1745.00,722.21,171.57,59.68,0.68,-1,-1,-1
6,4,660.76,773.22,176.28,45.06,0.71,-1,-1,-1
7,1,914.08,492.83,334.61,84.08,0.94,-1,-1,-1
7,2,823.24,702.11,170.11,36.55,0.89,-1,-1,-1
7,3,1746.95,723.37,167.99,58.22,0.92,-1,-1,-1
7,4,660.20,773.15,177.20,45.11,0.82,-1,-1,-1
8,1,905.75,488.23,350.91,88.30,0.94,-1,-1,-1
8,2,822.51,701.64,173.09,37.22,0.87,-1,-1,-1
8,3,1747.89,723.57,167.12,57.72,0.92,-1,-1,-1
8,4,653.04,770.84,191.46,48.86,0.56,-1,-1,-1
9,1,909.23,491.82,340.75,85.23,0.93,-1,-1,-1
9,2,823.84,701.89,171.22,36.71,0.88,-1,-1,-1
9,3,1746.57,722.37,171.73,59.36,0.46,-1,-1,-1
9,4,652.90,770.81,193.83,49.55,0.51,-1,-1,-1
10,1,901.62,487.94,355.33,89.09,0.94,-1,-1,-1
10,2,822.77,701.73,172.93,37.09,0.91,-1,-1,-1
10,3,1745.77,721.74,174.47,60.44,0.71,-1,-1,-1
10,4,652.46,771.16,195.19,50.02,0.39,-1,-1,-1
11,1,901.78,487.39,356.87,89.68,0.94,-1,-1,-1
11,2,823.91,702.12,168.75,36.06,0.92,-1,-1,-1
11,3,1747.47,722.65,172.58,59.83,0.93,-1,-1,-1
11,4,655.22,772.71,192.65,49.39,0.74,-1,-1,-1
12,1,901.95,485.71,363.30,91.57,0.95,-1,-1,-1
12,2,821.11,701.58,174.35,37.24,0.93,-1,-1,-1
12,3,1750.33,724.10,168.34,58.29,0.93,-1,-1,-1
12,4,660.21,774.98,184.02,46.96,0.81,-1,-1,-1
12,7,1636.99,522.94,101.50,20.30,0.51,-1,-1,-1
13,1,899.24,484.35,365.92,92.76,0.95,-1,-1,-1
13,2,820.79,701.58,175.55,37.47,0.93,-1,-1,-1
13,3,1750.87,724.62,167.14,57.82,0.90,-1,-1,-1
13,4,661.96,775.85,181.41,46.13,0.80,-1,-1,-1
13,7,1633.90,521.89,105.08,21.01,0.37,-1,-1,-1
14,1,900.80,484.71,362.35,92.10,0.95,-1,-1,-1
14,2,819.51,701.85,173.52,37.10,0.91,-1,-1,-1
14,3,1750.63,724.47,168.30,58.28,0.93,-1,-1,-1
14,4,661.37,775.63,181.12,45.90,0.32,-1,-1,-1
14,7,1631.04,523.09,99.33,19.88,0.65,-1,-1,-1
15,1,901.93,485.01,360.65,91.91,0.94,-1,-1,-1
15,2,819.50,702.16,173.03,37.05,0.91,-1,-1,-1
15,3,1748.78,723.66,172.07,59.79,0.86,-1,-1,-1
15,4,658.99,775.93,183.72,46.42,0.72,-1,-1,-1
15,7,1635.48,522.34,103.64,20.72,0.74,-1,-1,-1
16,1,896.92,482.15,370.31,94.98,0.95,-1,-1,-1
16,2,818.50,701.53,174.52,37.54,0.88,-1,-1,-1
16,3,1750.10,724.19,170.97,59.58,0.91,-1,-1,-1
16,4,656.70,776.01,186.86,47.14,0.46,-1,-1,-1
16,7,1636.74,523.53,101.11,20.18,0.62,-1,-1,-1
17,1,894.20,479.31,377.35,97.55,0.95,-1,-1,-1
17,2,818.58,701.71,174.02,37.57,0.76,-1,-1,-1
17,3,1753.76,725.90,166.31,58.00,0.93,-1,-1,-1
17,4,657.64,776.83,185.01,46.47,0.40,-1,-1,-1
17,7,1640.09,523.34,103.81,20.68,0.84,-1,-1,-1
18,1,898.00,481.61,367.56,95.40,0.95,-1,-1,-1
18,2,820.32,702.35,172.32,37.34,0.80,-1,-1,-1
18,3,1753.37,725.17,168.62,59.04,0.85,-1,-1,-1
18,4,654.14,776.34,192.76,48.59,0.78,-1,-1,-1
18,7,1640.91,522.91,102.41,20.46,0.33,-1,-1,-1
18,9,1321.77,461.41,65.77,30.88,0.29,-1,-1,-1
19,1,899.22,482.07,363.93,94.79,0.95,-1,-1,-1
19,2,824.45,703.43,166.35,35.95,0.86,-1,-1,-1
19,3,1755.15,725.70,166.78,58.57,0.88,-1,-1,-1
19,7,1636.46,522.28,105.51,21.00,0.68,-1,-1,-1
20,1,901.45,481.92,363.83,94.99,0.95,-1,-1,-1
20,2,825.55,704.08,164.40,35.38,0.86,-1,-1,-1
20,3,1756.94,726.44,164.43,57.86,0.86,-1,-1,-1
20,7,1638.04,522.65,100.78,20.05,0.42,-1,-1,-1
20,9,1322.80,459.39,62.39,29.37,0.36,-1,-1,-1
21,1,907.02,485.45,352.55,91.90,0.94,-1,-1,-1
21,2,826.25,704.09,165.77,35.57,0.89,-1,-1,-1
21,3,1758.13,726.53,162.76,57.42,0.89,-1,-1,-1
22,1,897.25,480.76,367.80,96.57,0.95,-1,-1,-1
22,2,827.18,704.69,165.61,35.40,0.90,-1,-1,-1
22,3,1757.24,725.78,164.96,58.50,0.87,-1,-1,-1
22,4,657.36,778.12,188.73,47.45,0.44,-1,-1,-1
23,1,910.53,487.83,344.43,89.78,0.93,-1,-1,-1
23,2,827.53,704.89,166.89,35.57,0.90,-1,-1,-1
23,3,1757.29,725.22,165.53,59.06,0.88,-1,-1,-1
23,4,658.19,778.59,187.70,47.06,0.72,-1,-1,-1
24,1,905.25,485.16,354.95,92.60,0.94,-1,-1,-1
24,2,826.71,705.31,167.88,35.72,0.90,-1,-1,-1
24,3,1757.48,725.94,165.19,59.29,0.88,-1,-1,-1
24,4,657.79,779.39,186.40,46.54,0.51,-1,-1,-1
24,10,660.44,781.42,180.75,48.18,0.24,-1,-1,-1
24,7,1642.14,521.91,107.50,21.29,0.65,-1,-1,-1
25,1,893.63,478.40,377.53,99.44,0.95,-1,-1,-1
25,2,824.16,704.94,170.65,36.34,0.90,-1,-1,-1
25,3,1756.91,725.40,166.77,60.34,0.86,-1,-1,-1
25,4,656.97,779.31,185.93,46.30,0.36,-1,-1,-1
25,7,1642.09,521.96,107.48,21.28,0.40,-1,-1,-1
26,1,895.86,479.30,373.05,98.87,0.95,-1,-1,-1
26,2,821.98,704.35,175.23,37.45,0.91,-1,-1,-1
26,3,1757.13,725.45,166.38,60.64,0.88,-1,-1,-1
26,7,1644.51,523.37,103.80,20.63,0.48,-1,-1,-1
27,1,902.74,484.00,354.49,93.86,0.94,-1,-1,-1
27,2,820.21,704.49,176.32,37.85,0.89,-1,-1,-1
27,3,1757.51,725.20,166.88,61.34,0.83,-1,-1,-1
27,11,214.50,551.62,102.41,43.89,0.29,-1,-1,-1
28,1,905.28,485.14,350.65,92.81,0.94,-1,-1,-1
28,2,820.98,704.72,174.81,37.62,0.82,-1,-1,-1
28,3,1758.84,725.93,165.18,61.13,0.91,-1,-1,-1
28,11,227.55,569.55,78.42,33.24,0.29,-1,-1,-1
28,7,1644.99,522.88,102.09,20.31,0.59,-1,-1,-1
29,1,899.82,482.66,358.39,95.20,0.95,-1,-1,-1
29,2,824.44,706.09,168.71,36.20,0.53,-1,-1,-1
29,3,1762.41,727.53,159.70,59.24,0.88,-1,-1,-1
29,11,236.53,578.64,66.78,27.94,0.29,-1,-1,-1
29,7,1644.78,523.23,101.75,20.28,0.41,-1,-1,-1
30,1,897.40,481.43,361.36,96.35,0.95,-1,-1,-1
30,2,823.33,705.95,170.87,36.72,0.63,-1,-1,-1
30,3,1763.32,727.37,159.35,59.37,0.89,-1,-1,-1
30,11,235.60,577.35,71.10,29.42,0.24,-1,-1,-1
31,1,895.25,478.54,370.93,99.44,0.95,-1,-1,-1
31,3,1764.79,727.78,157.53,58.85,0.86,-1,-1,-1
31,11,239.35,581.64,63.69,25.72,0.20,-1,-1,-1
32,1,899.64,481.08,362.04,97.17,0.94,-1,-1,-1
32,3,1764.72,726.93,159.30,59.90,0.82,-1,-1,-1
32,11,241.02,582.91,61.09,24.01,0.20,-1,-1,-1
33,1,899.99,481.47,359.83,96.73,0.95,-1,-1,-1
33,3,1764.18,726.10,161.16,61.07,0.89,-1,-1,-1
34,1,894.35,477.15,371.49,100.58,0.95,-1,-1,-1
34,3,1767.35,727.35,157.15,59.87,0.85,-1,-1,-1
35,1,896.96,477.73,369.07,100.31,0.95,-1,-1,-1
35,3,1768.40,727.91,154.98,59.31,0.84,-1,-1,-1
35,4,645.93,783.31,209.91,53.34,0.55,-1,-1,-1
36,1,899.40,478.45,366.13,99.74,0.95,-1,-1,-1
36,3,1769.83,727.97,153.91,59.25,0.89,-1,-1,-1
36,4,645.18,782.84,211.40,54.85,0.22,-1,-1,-1
37,1,904.54,482.42,354.07,96.23,0.94,-1,-1,-1
37,3,1771.39,728.52,151.96,58.79,0.89,-1,-1,-1
37,4,645.27,782.65,210.35,55.35,0.26,-1,-1,-1
37,2,827.77,706.63,172.03,37.01,0.36,-1,-1,-1
38,1,911.49,486.38,341.76,92.17,0.93,-1,-1,-1
38,3,1773.40,729.35,149.24,57.95,0.86,-1,-1,-1
38,2,828.53,707.37,168.16,36.07,0.25,-1,-1,-1
39,1,906.08,483.53,353.03,95.34,0.94,-1,-1,-1
39,3,1772.04,728.67,151.71,59.35,0.86,-1,-1,-1
39,2,829.86,707.79,167.70,35.86,0.62,-1,-1,-1
39,4,650.91,784.61,196.63,51.88,0.49,-1,-1,-1
40,1,906.50,483.77,352.22,94.94,0.94,-1,-1,-1
40,3,1774.84,730.92,146.46,57.36,0.80,-1,-1,-1
40,2,831.45,708.25,165.45,35.21,0.70,-1,-1,-1
40,4,654.90,785.62,188.98,49.78,0.30,-1,-1,-1
41,1,894.32,475.45,376.18,102.37,0.95,-1,-1,-1
41,3,1774.45,730.32,147.22,57.95,0.85,-1,-1,-1
41,2,830.01,708.37,167.19,35.57,0.72,-1,-1,-1
41,7,1648.86,523.01,103.15,20.98,0.35,-1,-1,-1
42,1,895.52,477.55,367.95,100.41,0.95,-1,-1,-1
42,3,1774.45,728.96,148.21,58.75,0.75,-1,-1,-1
42,2,830.07,708.55,165.88,35.16,0.69,-1,-1,-1
43,1,900.22,479.35,359.73,98.15,0.95,-1,-1,-1
43,3,1775.48,729.89,146.93,58.56,0.91,-1,-1,-1
43,2,830.34,708.92,165.13,34.81,0.62,-1,-1,-1
43,7,1642.35,527.73,92.92,19.73,0.25,-1,-1,-1
44,1,894.72,475.47,371.21,101.87,0.95,-1,-1,-1
44,3,1777.96,730.54,142.81,57.03,0.90,-1,-1,-1
44,2,828.72,708.05,166.73,35.07,0.30,-1,-1,-1
44,7,1650.61,526.34,94.87,20.19,0.74,-1,-1,-1
45,1,902.35,479.82,358.99,98.40,0.94,-1,-1,-1
45,3,1776.52,728.97,145.84,58.58,0.91,-1,-1,-1
45,2,826.96,707.64,170.78,35.95,0.54,-1,-1,-1
46,1,895.76,476.10,369.80,101.92,0.94,-1,-1,-1
46,3,1779.78,730.94,140.57,56.45,0.90,-1,-1,-1
46,2,824.01,707.54,175.76,37.21,0.39,-1,-1,-1
46,7,1648.45,522.79,106.23,22.88,0.58,-1,-1,-1
47,1,904.99,481.15,354.42,97.18,0.94,-1,-1,-1
47,3,1779.04,730.71,142.60,57.56,0.91,-1,-1,-1
47,2,822.66,707.88,180.51,38.42,0.66,-1,-1,-1
47,7,1651.08,522.93,100.74,21.75,0.30,-1,-1,-1
48,1,905.72,480.85,354.01,96.94,0.95,-1,-1,-1
48,3,1778.85,730.43,143.76,58.37,0.90,-1,-1,-1
48,2,823.28,708.00,180.62,38.57,0.64,-1,-1,-1
48,7,1650.83,522.70,100.92,21.80,0.64,-1,-1,-1
49,1,907.99,482.51,349.98,95.48,0.95,-1,-1,-1
49,3,1780.86,732.01,141.52,57.71,0.90,-1,-1,-1
49,2,823.97,708.31,178.16,38.16,0.68,-1,-1,-1
49,7,1651.65,522.50,102.53,22.42,0.69,-1,-1,-1
50,1,904.38,481.09,353.27,96.47,0.95,-1,-1,-1
50,3,1781.93,732.81,140.56,57.56,0.81,-1,-1,-1
50,2,827.40,707.96,177.90,38.27,0.29,-1,-1,-1
50,7,1653.91,524.15,96.76,20.98,0.62,-1,-1,-1
51,1,904.83,481.44,356.83,97.42,0.95,-1,-1,-1
51,3,1783.83,733.51,137.99,56.67,0.81,-1,-1,-1
51,2,830.30,707.73,174.72,37.65,0.21,-1,-1,-1
51,4,656.49,785.80,192.67,51.03,0.26,-1,-1,-1
52,1,904.18,480.74,359.47,98.25,0.95,-1,-1,-1
52,3,1786.04,733.90,135.74,55.92,0.78,-1,-1,-1
52,2,832.14,707.92,172.48,37.14,0.21,-1,-1,-1
52,7,1662.42,524.32,94.30,20.91,0.38,-1,-1,-1
53,1,898.98,478.22,366.48,100.69,0.95,-1,-1,-1
53,3,1786.50,734.46,135.43,56.00,0.72,-1,-1,-1
53,2,834.02,708.58,170.74,36.63,0.45,-1,-1,-1
53,7,1681.07,526.82,77.75,17.58,0.21,-1,-1,-1
54,1,903.76,478.47,363.98,99.92,0.95,-1,-1,-1
54,3,1788.72,734.71,132.86,55.13,0.67,-1,-1,-1
54,2,832.21,708.08,176.18,37.82,0.56,-1,-1,-1
54,7,1676.77,526.38,82.81,19.01,0.36,-1,-1,-1
55,1,905.81,481.22,355.70,97.61,0.94,-1,-1,-1
55,3,1790.09,734.44,132.25,55.18,0.41,-1,-1,-1
55,2,831.76,708.12,176.99,37.98,0.60,-1,-1,-1
56,1,902.19,479.41,359.70,99.04,0.95,-1,-1,-1
56,3,1789.80,733.66,133.36,56.05,0.40,-1,-1,-1
57,1,903.34,479.64,358.21,98.71,0.95,-1,-1,-1
57,3,1789.90,733.63,134.10,56.82,0.63,-1,-1,-1
58,1,905.13,479.77,357.53,98.54,0.95,-1,-1,-1
58,3,1793.62,735.84,128.73,54.68,0.55,-1,-1,-1
58,2,834.56,708.35,174.29,37.37,0.20,-1,-1,-1
59,1,905.98,480.40,354.34,97.52,0.95,-1,-1,-1
59,3,1795.72,737.47,125.87,53.59,0.36,-1,-1,-1
59,2,833.15,709.09,173.52,37.18,0.53,-1,-1,-1
60,1,907.59,480.59,354.51,97.52,0.95,-1,-1,-1
60,3,1797.21,738.35,124.01,52.95,0.48,-1,-1,-1
61,1,904.60,480.08,357.84,98.39,0.95,-1,-1,-1
61,3,1796.54,737.52,125.81,54.05,0.49,-1,-1,-1
61,7,1655.32,523.05,96.61,21.89,0.59,-1,-1,-1
61,2,828.84,707.84,179.99,38.83,0.26,-1,-1,-1
62,1,903.94,480.99,355.68,97.77,0.95,-1,-1,-1
62,3,1798.34,738.41,122.68,52.80,0.26,-1,-1,-1
62,7,1655.77,523.85,94.61,20.96,0.68,-1,-1,-1
62,2,829.92,708.38,179.18,38.65,0.61,-1,-1,-1
63,1,899.29,478.11,364.82,100.68,0.95,-1,-1,-1
63,7,1655.59,524.55,93.03,20.15,0.79,-1,-1,-1
63,2,830.48,708.90,176.84,38.13,0.44,-1,-1,-1
64,1,907.73,482.40,350.09,96.06,0.94,-1,-1,-1
64,7,1653.80,524.24,96.44,20.65,0.70,-1,-1,-1
64,2,830.71,709.09,176.32,37.98,0.31,-1,-1,-1
64,3,1799.83,737.71,121.29,52.36,0.35,-1,-1,-1
65,1,905.68,481.72,354.04,97.03,0.95,-1,-1,-1
65,7,1652.89,523.47,99.91,21.30,0.64,-1,-1,-1
65,2,832.16,709.39,173.50,37.25,0.57,-1,-1,-1
65,4,656.19,789.27,196.34,52.07,0.35,-1,-1,-1
66,1,906.90,482.97,348.39,95.09,0.95,-1,-1,-1
66,7,1649.38,521.00,108.88,23.31,0.70,-1,-1,-1
66,2,832.07,709.41,174.80,37.46,0.60,-1,-1,-1
66,3,1801.81,738.13,119.50,51.83,0.24,-1,-1,-1
67,1,911.94,486.65,337.65,91.37,0.94,-1,-1,-1
67,7,1650.84,521.89,106.17,22.63,0.52,-1,-1,-1
67,2,832.01,709.83,172.99,36.95,0.72,-1,-1,-1
67,4,653.85,788.11,199.84,53.39,0.40,-1,-1,-1
68,1,901.01,479.46,361.89,98.38,0.95,-1,-1,-1
68,7,1646.45,518.75,118.97,25.66,0.71,-1,-1,-1
68,2,832.37,710.24,171.42,36.46,0.73,-1,-1,-1
68,4,654.19,788.21,200.03,53.91,0.22,-1,-1,-1
69,1,903.02,479.99,360.22,97.86,0.95,-1,-1,-1
69,7,1648.82,521.65,111.38,23.95,0.42,-1,-1,-1
69,2,832.33,710.56,171.11,36.23,0.72,-1,-1,-1
69,4,655.17,788.28,198.11,53.55,0.27,-1,-1,-1
70,1,908.71,484.53,347.56,93.88,0.94,-1,-1,-1
70,7,1655.50,523.41,100.32,21.39,0.21,-1,-1,-1
70,2,831.51,710.41,173.22,36.60,0.40,-1,-1,-1
71,1,901.50,480.59,360.92,97.83,0.95,-1,-1,-1
71,7,1655.98,523.69,94.42,20.03,0.32,-1,-1,-1
71,3,1805.47,738.84,116.42,50.88,0.20,-1,-1,-1
72,1,903.04,481.97,358.32,97.05,0.94,-1,-1,-1
72,7,1661.29,524.95,87.19,18.15,0.58,-1,-1,-1
72,3,1806.02,738.06,115.64,50.89,0.26,-1,-1,-1
73,1,897.71,479.26,366.79,99.83,0.95,-1,-1,-1
73,7,1659.88,524.65,93.54,19.44,0.79,-1,-1,-1
73,3,1807.53,738.90,112.74,49.81,0.23,-1,-1,-1
73,2,830.67,709.39,174.39,36.84,0.23,-1,-1,-1
74,1,897.03,478.08,368.46,100.43,0.95,-1,-1,-1
74,7,1657.63,523.65,103.07,21.63,0.21,-1,-1,-1
74,3,1808.75,739.18,110.62,48.94,0.23,-1,-1,-1
74,2,827.91,708.78,179.49,38.10,0.26,-1,-1,-1
75,1,904.38,482.45,355.49,96.36,0.94,-1,-1,-1
75,7,1658.68,524.20,97.61,20.29,0.65,-1,-1,-1
75,3,1808.15,738.65,110.73,49.37,0.42,-1,-1,-1
75,2,828.72,708.77,178.55,37.95,0.20,-1,-1,-1
76,1,900.39,479.24,363.72,98.87,0.95,-1,-1,-1
76,7,1660.00,524.78,93.76,19.28,0.56,-1,-1,-1
76,3,1809.61,739.83,109.19,48.73,0.53,-1,-1,-1
77,1,901.34,479.62,363.30,98.83,0.95,-1,-1,-1
77,7,1658.66,524.69,96.22,19.54,0.52,-1,-1,-1
77,3,1811.34,740.95,106.64,47.63,0.56,-1,-1,-1
77,2,829.21,709.08,177.70,37.81,0.37,-1,-1,-1
78,1,898.89,477.84,367.31,100.12,0.95,-1,-1,-1
78,3,1811.15,739.67,107.94,48.47,0.70,-1,-1,-1
78,2,827.63,707.89,180.71,38.64,0.22,-1,-1,-1
79,1,901.95,479.99,360.63,98.09,0.95,-1,-1,-1
79,3,1812.59,739.86,107.95,48.69,0.72,-1,-1,-1
79,2,828.48,708.92,179.14,38.36,0.44,-1,-1,-1
79,7,1660.63,524.99,94.16,18.97,0.22,-1,-1,-1
80,1,902.84,480.37,357.01,96.94,0.95,-1,-1,-1
80,3,1812.86,739.82,108.72,49.28,0.78,-1,-1,-1
80,2,830.02,709.42,175.79,37.65,0.52,-1,-1,-1
80,7,1660.57,524.43,95.71,19.18,0.70,-1,-1,-1
81,1,901.98,480.82,354.23,96.02,0.95,-1,-1,-1
81,3,1813.53,739.41,108.36,49.48,0.75,-1,-1,-1
81,20,213.95,577.69,95.18,26.12,0.23,-1,-1,-1
82,1,900.27,479.56,359.43,97.48,0.95,-1,-1,-1
82,3,1815.32,739.67,105.91,48.60,0.71,-1,-1,-1
82,20,194.41,560.84,133.80,37.02,0.22,-1,-1,-1
82,2,827.93,707.93,180.53,38.85,0.38,-1,-1,-1
82,7,1661.93,524.10,101.14,20.57,0.60,-1,-1,-1
83,1,905.88,483.11,349.73,94.50,0.94,-1,-1,-1
83,3,1817.14,740.60,104.01,47.89,0.83,-1,-1,-1
83,20,207.14,570.88,108.42,29.93,0.34,-1,-1,-1
83,2,830.56,708.16,177.70,38.24,0.46,-1,-1,-1
83,7,1658.74,523.50,102.79,21.07,0.54,-1,-1,-1
84,1,903.34,481.05,356.22,96.23,0.95,-1,-1,-1
84,3,1818.39,740.68,102.63,47.43,0.77,-1,-1,-1
84,20,214.24,576.88,94.66,26.12,0.35,-1,-1,-1
84,7,1657.62,523.77,101.85,20.82,0.58,-1,-1,-1
85,1,903.82,481.15,354.63,95.58,0.95,-1,-1,-1
85,3,1818.30,740.10,103.60,48.18,0.80,-1,-1,-1
85,20,218.27,580.38,87.07,23.96,0.45,-1,-1,-1
86,1,905.42,482.36,352.55,94.68,0.94,-1,-1,-1
86,3,1818.60,739.36,103.66,48.45,0.78,-1,-1,-1
86,20,222.39,582.73,78.92,21.51,0.45,-1,-1,-1
86,2,830.33,708.14,178.39,38.46,0.22,-1,-1,-1
86,7,1659.50,524.32,97.78,19.84,0.31,-1,-1,-1
87,1,906.76,482.92,350.32,93.84,0.94,-1,-1,-1
87,3,1818.60,738.34,104.56,49.25,0.78,-1,-1,-1
87,20,219.65,581.86,82.49,22.43,0.27,-1,-1,-1
87,2,829.99,707.54,180.14,38.95,0.39,-1,-1,-1
87,7,1679.70,524.53,90.11,19.22,0.64,-1,-1,-1
88,1,906.97,484.08,348.73,93.11,0.94,-1,-1,-1
88,3,1819.20,738.70,103.93,49.27,0.84,-1,-1,-1
88,20,216.61,580.26,88.29,24.02,0.53,-1,-1,-1
88,7,1676.88,523.90,88.92,19.26,0.61,-1,-1,-1
89,1,899.40,480.78,358.14,95.90,0.95,-1,-1,-1
89,3,1820.01,738.92,102.08,48.63,0.80,-1,-1,-1
89,20,216.62,580.29,89.26,24.31,0.43,-1,-1,-1
89,7,1675.74,525.11,85.83,18.52,0.66,-1,-1,-1
89,2,830.93,707.93,179.87,38.97,0.25,-1,-1,-1
90,1,901.20,480.68,355.94,95.21,0.95,-1,-1,-1
90,3,1816.99,735.63,108.25,52.33,0.24,-1,-1,-1
90,20,213.70,579.28,93.06,25.41,0.64,-1,-1,-1
91,1,897.43,478.91,362.44,97.27,0.95,-1,-1,-1
91,3,1818.95,736.64,105.46,51.46,0.46,-1,-1,-1
91,20,209.61,577.55,97.64,26.75,0.47,-1,-1,-1
91,7,1658.99,522.41,100.08,21.47,0.36,-1,-1,-1
92,1,904.96,483.08,349.44,93.28,0.94,-1,-1,-1
92,3,1821.13,738.42,101.73,49.92,0.82,-1,-1,-1
92,20,210.16,577.99,96.49,26.37,0.37,-1,-1,-1
92,7,1656.53,522.43,100.93,21.44,0.73,-1,-1,-1
92,2,831.70,708.56,176.31,38.18,0.25,-1,-1,-1
93,1,898.24,479.76,359.77,96.17,0.94,-1,-1,-1
93,3,1821.22,737.00,102.21,50.63,0.35,-1,-1,-1
93,20,207.01,576.89,99.81,27.41,0.45,-1,-1,-1
93,7,1656.19,522.48,103.78,21.81,0.55,-1,-1,-1
93,4,639.32,783.69,217.68,59.24,0.29,-1,-1,-1
94,1,898.55,480.15,357.89,95.61,0.94,-1,-1,-1
94,3,1820.12,735.32,104.25,52.24,0.68,-1,-1,-1
94,20,209.44,577.99,95.53,26.24,0.52,-1,-1,-1
94,7,1654.25,522.85,103.88,21.65,0.65,-1,-1,-1
95,1,896.79,480.10,358.25,95.69,0.95,-1,-1,-1
95,3,1822.12,735.91,101.73,51.47,0.59,-1,-1,-1
95,20,206.26,576.05,98.02,27.11,0.25,-1,-1,-1
95,7,1654.40,522.84,102.20,21.17,0.86,-1,-1,-1
96,1,888.79,476.73,367.25,98.58,0.95,-1,-1,-1
96,3,1820.39,732.23,105.88,54.48,0.36,-1,-1,-1
96,20,203.16,573.69,102.71,28.73,0.20,-1,-1,-1
96,7,1653.63,521.14,106.88,22.19,0.78,-1,-1,-1
97,1,898.88,482.09,349.61,93.26,0.94,-1,-1,-1
97,3,1822.55,732.23,102.52,53.24,0.58,-1,-1,-1
97,7,1651.77,519.87,110.80,23.03,0.86,-1,-1,-1
98,1,892.91,477.21,365.16,97.70,0.94,-1,-1,-1
98,7,1651.24,519.97,110.65,22.99,0.72,-1,-1,-1
98,20,183.11,558.49,126.54,37.05,0.59,-1,-1,-1
99,1,895.16,478.17,362.09,96.87,0.95,-1,-1,-1
99,7,1651.24,520.61,110.04,22.89,0.74,-1,-1,-1
99,20,191.97,555.72,107.41,32.24,0.33,-1,-1,-1
99,3,1825.08,733.17,100.08,52.72,0.35,-1,-1,-1
100,1,894.63,479.04,358.88,96.09,0.94,-1,-1,-1
100,7,1650.56,520.99,111.51,23.29,0.77,-1,-1,-1
100,20,193.15,558.29,115.15,35.62,0.42,-1,-1,-1
100,4,636.61,782.14,221.49,61.30,0.36,-1,-1,-1
101,1,891.45,477.22,366.56,98.35,0.95,-1,-1,-1
101,4,638.68,781.91,217.39,60.54,0.27,-1,-1,-1
101,3,1823.98,729.69,103.05,55.36,0.26,-1,-1,-1
102,1,889.60,475.43,371.25,100.06,0.95,-1,-1,-1
102,4,640.07,781.96,214.89,60.00,0.36,-1,-1,-1
102,3,1827.29,732.31,96.73,52.39,0.20,-1,-1,-1
102,7,1669.83,523.95,95.24,20.09,0.26,-1,-1,-1
102,20,195.28,555.77,108.60,34.63,0.25,-1,-1,-1
103,1,892.28,477.90,361.31,97.44,0.95,-1,-1,-1
103,4,640.65,783.20,213.67,59.92,0.41,-1,-1,-1
103,3,1825.88,729.20,100.89,55.73,0.25,-1,-1,-1
103,20,206.14,556.18,82.64,26.34,0.22,-1,-1,-1
104,1,895.38,479.79,355.89,95.78,0.95,-1,-1,-1
104,4,640.61,783.99,212.56,59.74,0.49,-1,-1,-1
104,20,213.82,554.75,70.54,22.61,0.21,-1,-1,-1
104,2,821.04,704.62,191.92,42.33,0.29,-1,-1,-1
104,7,1685.48,525.69,79.75,17.10,0.47,-1,-1,-1
105,1,897.17,479.30,357.42,96.25,0.94,-1,-1,-1
105,4,638.58,783.27,215.01,60.53,0.46,-1,-1,-1
105,2,820.35,703.69,191.94,43.04,0.66,-1,-1,-1
105,3,1828.75,730.98,96.43,53.95,0.27,-1,-1,-1
106,1,901.58,481.33,351.31,94.17,0.95,-1,-1,-1
106,4,638.45,783.21,215.80,61.00,0.56,-1,-1,-1
106,2,820.98,703.81,190.71,43.23,0.62,-1,-1,-1
106,3,1830.97,732.52,92.92,52.50,0.55,-1,-1,-1
106,20,218.96,550.92,62.19,20.03,0.22,-1,-1,-1
106,7,1663.94,523.01,91.11,19.22,0.55,-1,-1,-1
107,1,899.56,480.06,353.61,94.69,0.95,-1,-1,-1
107,4,638.32,782.55,216.77,61.72,0.70,-1,-1,-1
107,2,823.10,704.28,186.37,42.42,0.83,-1,-1,-1
107,3,1833.43,734.21,89.46,50.93,0.56,-1,-1,-1
107,25,210.64,576.80,95.03,25.25,0.32,-1,-1,-1
107,20,225.98,553.59,53.51,17.10,0.37,-1,-1,-1
108,1,901.09,482.25,345.66,92.12,0.95,-1,-1,-1
108,4,639.40,782.71,215.00,61.49,0.78,-1,-1,-1
108,2,824.71,704.15,183.41,41.84,0.86,-1,-1,-1
108,3,1833.10,732.75,90.42,52.03,0.49,-1,-1,-1
108,20,225.99,554.11,53.22,17.01,0.63,-1,-1,-1
109,1,897.12,479.64,357.29,95.31,0.95,-1,-1,-1
109,4,638.88,782.76,215.65,62.00,0.81,-1,-1,-1
109,2,825.44,704.20,182.00,41.66,0.77,-1,-1,-1
109,3,1834.12,733.45,88.69,51.44,0.49,-1,-1,-1
109,25,195.10,565.49,128.42,34.34,0.29,-1,-1,-1
110,1,900.20,480.36,351.58,93.53,0.95,-1,-1,-1
110,4,637.57,782.04,217.41,62.78,0.69,-1,-1,-1
110,2,827.28,704.27,179.50,41.24,0.63,-1,-1,-1
110,3,1836.82,735.93,84.85,49.37,0.48,-1,-1,-1
110,20,216.92,553.07,64.39,20.63,0.27,-1,-1,-1
111,1,905.39,484.46,340.95,89.96,0.93,-1,-1,-1
111,4,641.86,782.64,209.77,60.58,0.71,-1,-1,-1
111,2,827.27,704.05,179.94,41.48,0.83,-1,-1,-1
111,7,1667.68,521.43,105.03,21.50,0.30,-1,-1,-1
112,1,896.85,478.92,357.35,94.35,0.94,-1,-1,-1
112,4,643.66,783.29,206.43,59.45,0.31,-1,-1,-1
112,2,827.74,704.58,178.22,41.16,0.57,-1,-1,-1
113,1,889.87,475.15,368.93,97.81,0.94,-1,-1,-1
113,2,829.29,705.16,174.39,40.27,0.40,-1,-1,-1
113,25,203.57,565.40,113.17,30.46,0.24,-1,-1,-1
114,1,898.69,480.72,351.39,92.57,0.94,-1,-1,-1
114,25,197.76,560.80,102.05,28.04,0.44,-1,-1,-1
114,3,1838.65,735.40,84.98,50.17,0.31,-1,-1,-1
115,1,898.68,480.18,353.23,92.83,0.94,-1,-1,-1
115,25,201.83,560.61,86.74,24.08,0.32,-1,-1,-1
115,7,1656.95,521.68,105.42,21.72,0.30,-1,-1,-1
115,2,830.86,705.31,173.00,40.01,0.55,-1,-1,-1
116,1,898.08,479.96,355.49,93.24,0.93,-1,-1,-1
116,25,209.89,562.02,99.17,27.38,0.41,-1,-1,-1
116,7,1658.81,521.97,103.24,21.11,0.30,-1,-1,-1
116,2,833.16,706.34,169.19,38.95,0.42,-1,-1,-1
117,1,891.70,476.17,368.26,96.90,0.94,-1,-1,-1
117,25,193.08,556.22,113.93,32.53,0.57,-1,-1,-1
117,7,1659.26,521.25,103.91,21.35,0.24,-1,-1,-1
118,1,892.68,476.96,366.86,96.60,0.94,-1,-1,-1
118,25,195.27,561.06,111.41,32.35,0.31,-1,-1,-1
118,2,831.95,705.43,170.23,39.25,0.23,-1,-1,-1
119,1,886.97,472.36,380.78,101.04,0.94,-1,-1,-1
119,4,644.29,781.51,203.68,58.25,0.33,-1,-1,-1
120,1,888.94,474.14,372.72,99.18,0.94,-1,-1,-1
120,4,644.41,781.62,202.54,57.45,0.28,-1,-1,-1
120,7,1656.03,519.75,105.59,21.95,0.28,-1,-1,-1
120,25,200.58,567.73,100.81,29.39,0.45,-1,-1,-1
121,1,902.23,480.69,348.79,91.93,0.94,-1,-1,-1
121,4,643.81,782.21,202.22,56.83,0.20,-1,-1,-1
121,7,1659.69,519.77,102.10,21.41,0.59,-1,-1,-1
121,25,195.24,562.70,109.33,32.45,0.30,-1,-1,-1
122,1,897.56,478.73,354.74,93.48,0.94,-1,-1,-1
122,25,196.61,561.45,106.33,32.06,0.36,-1,-1,-1
122,20,216.14,552.67,69.76,22.71,0.34,-1,-1,-1
123,1,903.45,482.19,344.09,90.03,0.93,-1,-1,-1
123,25,201.71,566.12,94.20,28.36,0.24,-1,-1,-1
123,20,222.48,550.91,61.25,19.64,0.21,-1,-1,-1
123,4,640.52,781.12,208.34,58.33,0.34,-1,-1,-1
124,1,898.60,479.91,351.55,91.90,0.94,-1,-1,-1
125,1,899.89,479.88,351.35,91.61,0.93,-1,-1,-1
125,25,184.81,553.88,125.62,39.29,0.45,-1,-1,-1
125,4,637.25,780.40,212.69,59.42,0.36,-1,-1,-1
126,1,897.21,478.98,357.08,93.08,0.92,-1,-1,-1
126,25,194.33,560.42,107.89,33.66,0.27,-1,-1,-1
126,4,638.44,780.62,209.52,58.16,0.24,-1,-1,-1
126,2,827.85,702.45,181.16,41.97,0.28,-1,-1,-1
126,7,1664.27,521.29,97.20,20.32,0.53,-1,-1,-1
127,1,892.58,476.08,366.19,95.80,0.92,-1,-1,-1
127,25,204.28,567.27,94.18,28.95,0.53,-1,-1,-1
127,4,635.10,780.11,214.68,59.56,0.38,-1,-1,-1
127,2,826.53,701.57,183.65,42.84,0.24,-1,-1,-1
128,1,884.94,471.68,378.47,99.67,0.93,-1,-1,-1
128,7,1662.62,521.18,96.91,20.06,0.27,-1,-1,-1
129,1,891.66,475.74,366.96,96.55,0.91,-1,-1,-1
129,7,1660.25,519.30,103.16,21.51,0.23,-1,-1,-1
129,3,1845.94,728.39,83.49,52.70,0.56,-1,-1,-1
129,25,207.93,571.26,84.82,25.58,0.45,-1,-1,-1
129,2,828.87,702.59,179.34,41.72,0.48,-1,-1,-1
130,1,890.26,474.29,369.89,97.54,0.92,-1,-1,-1
130,3,1848.92,729.02,79.34,52.68,0.62,-1,-1,-1
130,25,191.54,558.88,116.79,36.44,0.46,-1,-1,-1
130,4,627.01,776.68,231.48,64.95,0.27,-1,-1,-1
131,1,893.61,475.69,364.56,96.09,0.93,-1,-1,-1
131,3,1851.86,730.49,74.36,50.98,0.49,-1,-1,-1
131,25,204.39,568.56,92.40,27.84,0.60,-1,-1,-1
131,4,630.50,776.14,224.79,63.28,0.37,-1,-1,-1
132,1,893.18,474.91,365.52,96.41,0.93,-1,-1,-1
132,3,1852.16,727.99,74.77,53.15,0.26,-1,-1,-1
132,25,195.64,562.80,107.50,33.01,0.44,-1,-1,-1
132,4,633.24,776.98,220.22,62.09,0.49,-1,-1,-1
132,7,1652.79,517.82,111.56,23.31,0.69,-1,-1,-1
133,1,890.60,473.41,369.29,97.55,0.93,-1,-1,-1
133,3,1852.16,726.41,75.20,55.27,0.23,-1,-1,-1
133,4,634.70,777.62,217.03,61.21,0.62,-1,-1,-1
133,7,1653.50,518.53,107.40,22.14,0.49,-1,-1,-1
134,1,893.72,476.00,360.96,95.12,0.93,-1,-1,-1
134,3,1854.24,727.03,72.01,54.23,0.24,-1,-1,-1
134,4,637.98,778.86,210.92,59.30,0.59,-1,-1,-1
134,7,1660.64,519.33,101.57,20.76,0.41,-1,-1,-1
134,2,831.87,702.76,174.50,40.67,0.22,-1,-1,-1
134,25,207.57,570.17,85.12,25.51,0.67,-1,-1,-1
135,1,891.38,475.47,363.63,95.94,0.92,-1,-1,-1
135,4,638.04,778.77,209.47,58.81,0.64,-1,-1,-1
135,7,1659.42,519.20,105.83,21.62,0.58,-1,-1,-1
135,2,831.02,702.98,174.62,40.45,0.29,-1,-1,-1
136,1,887.37,472.30,372.45,98.62,0.93,-1,-1,-1
136,4,637.20,779.09,209.09,58.51,0.56,-1,-1,-1
136,7,1658.17,519.12,106.60,21.64,0.64,-1,-1,-1
136,2,830.34,702.12,177.65,41.09,0.44,-1,-1,-1
136,3,1856.26,723.36,70.09,54.37,0.27,-1,-1,-1
136,25,178.55,550.21,137.46,43.43,0.52,-1,-1,-1
137,1,883.57,469.92,378.95,100.93,0.94,-1,-1,-1
137,4,636.50,778.39,211.43,59.20,0.78,-1,-1,-1
137,7,1657.10,519.23,107.02,21.56,0.42,-1,-1,-1
137,2,827.64,700.59,183.69,42.69,0.67,-1,-1,-1
137,25,177.34,547.39,139.78,46.27,0.53,-1,-1,-1
138,1,885.12,470.82,374.18,99.93,0.93,-1,-1,-1
138,4,636.21,778.26,212.28,59.41,0.64,-1,-1,-1
138,7,1655.99,518.99,108.42,21.86,0.81,-1,-1,-1
138,2,828.13,700.77,182.27,42.35,0.50,-1,-1,-1
138,25,191.12,556.75,114.67,38.21,0.31,-1,-1,-1
138,3,1860.85,730.58,63.66,50.32,0.62,-1,-1,-1
139,1,886.83,472.59,368.58,98.50,0.93,-1,-1,-1
139,4,636.57,778.20,211.14,58.95,0.64,-1,-1,-1
139,7,1660.77,519.82,102.92,20.59,0.65,-1,-1,-1
139,2,830.87,701.47,179.21,41.42,0.61,-1,-1,-1
139,25,206.06,567.77,86.86,28.07,0.72,-1,-1,-1
139,3,1859.77,727.46,66.21,53.80,0.39,-1,-1,-1
140,1,882.57,469.23,376.53,101.34,0.94,-1,-1,-1
140,4,634.38,776.69,214.16,59.83,0.67,-1,-1,-1
140,7,1657.01,518.49,108.28,21.81,0.47,-1,-1,-1
140,3,1856.89,718.92,72.56,61.34,0.50,-1,-1,-1
141,1,889.01,471.19,369.01,99.59,0.91,-1,-1,-1
141,4,634.47,777.32,214.50,60.02,0.80,-1,-1,-1
141,3,1862.76,727.93,62.07,52.90,0.63,-1,-1,-1
141,2,830.55,700.64,178.06,40.99,0.38,-1,-1,-1
141,25,201.81,568.90,87.54,27.68,0.31,-1,-1,-1
142,1,892.95,472.88,362.30,97.64,0.92,-1,-1,-1
142,4,633.53,776.60,216.11,60.56,0.70,-1,-1,-1
142,3,1863.45,726.85,61.43,53.44,0.68,-1,-1,-1
142,2,831.69,701.35,175.49,40.06,0.24,-1,-1,-1
142,25,188.93,560.11,108.00,34.78,0.30,-1,-1,-1
143,1,890.92,472.19,364.57,98.54,0.92,-1,-1,-1
143,4,631.94,776.24,218.21,61.20,0.56,-1,-1,-1
143,3,1861.71,720.70,64.88,58.05,0.75,-1,-1,-1
143,2,830.20,700.73,178.07,40.59,0.36,-1,-1,-1
143,25,196.53,566.17,93.30,29.19,0.51,-1,-1,-1
144,1,889.82,470.67,367.58,99.59,0.93,-1,-1,-1
144,4,631.33,775.57,220.04,61.91,0.71,-1,-1,-1
144,3,1865.81,726.70,57.86,52.26,0.29,-1,-1,-1
144,25,201.78,570.42,86.44,26.05,0.71,-1,-1,-1
145,1,890.41,470.58,367.96,99.97,0.92,-1,-1,-1
145,4,632.35,776.79,216.54,60.75,0.39,-1,-1,-1
145,3,1864.27,720.33,61.72,57.23,0.67,-1,-1,-1
145,25,175.77,551.50,137.46,43.04,0.72,-1,-1,-1
145,2,826.54,698.63,183.02,41.67,0.80,-1,-1,-1
146,1,892.59,470.85,365.19,99.43,0.91,-1,-1,-1
146,4,633.38,777.14,214.98,60.25,0.63,-1,-1,-1
146,3,1865.95,721.20,59.47,56.22,0.29,-1,-1,-1
146,25,186.44,557.93,117.87,36.67,0.37,-1,-1,-1
146,2,824.33,697.22,188.34,43.05,0.39,-1,-1,-1
147,1,901.81,474.82,351.74,95.32,0.89,-1,-1,-1
147,4,634.55,777.37,213.88,59.88,0.74,-1,-1,-1
147,3,1868.11,723.84,55.78,53.43,0.65,-1,-1,-1
147,25,199.29,567.50,94.53,28.16,0.38,-1,-1,-1
147,2,826.29,697.40,183.94,41.96,0.64,-1,-1,-1
148,1,908.01,476.82,344.03,92.79,0.91,-1,-1,-1
148,4,632.28,776.39,217.34,60.89,0.65,-1,-1,-1
148,3,1868.77,723.42,55.20,53.78,0.84,-1,-1,-1
148,25,205.04,569.00,89.19,25.85,0.33,-1,-1,-1
149,1,903.92,475.78,348.36,93.90,0.85,-1,-1,-1
149,4,633.60,776.77,216.16,60.55,0.79,-1,-1,-1
149,3,1870.88,723.96,53.49,53.11,0.71,-1,-1,-1
149,25,206.05,571.51,83.86,23.64,0.39,-1,-1,-1
149,2,827.24,696.69,183.33,41.87,0.36,-1,-1,-1
150,1,899.62,474.13,356.60,96.27,0.32,-1,-1,-1
150,4,634.21,777.02,213.70,59.69,0.66,-1,-1,-1
150,3,1871.05,719.75,54.87,55.95,0.67,-1,-1,-1
150,25,198.63,567.81,96.39,27.20,0.67,-1,-1,-1
151,1,891.07,470.68,365.77,98.94,0.94,-1,-1,-1
151,4,631.50,776.79,218.24,60.94,0.55,-1,-1,-1
151,3,1873.24,720.58,52.89,55.33,0.57,-1,-1,-1
151,20,216.40,542.51,68.64,22.47,0.37,-1,-1,-1
151,7,1664.12,519.34,107.92,21.58,0.33,-1,-1,-1
151,2,822.85,693.70,193.55,44.67,0.23,-1,-1,-1
152,1,889.39,470.31,364.52,98.68,0.28,-1,-1,-1
152,4,634.25,777.91,212.74,59.09,0.47,-1,-1,-1
152,20,214.63,542.98,68.65,23.32,0.27,-1,-1,-1
152,2,823.20,693.46,192.08,44.60,0.24,-1,-1,-1
153,1,890.24,470.29,366.57,99.22,0.93,-1,-1,-1
153,4,637.04,778.55,208.79,57.72,0.56,-1,-1,-1
153,2,824.04,693.37,190.22,44.33,0.30,-1,-1,-1
153,25,202.95,569.80,88.85,24.87,0.60,-1,-1,-1
153,3,1876.53,724.67,47.58,50.83,0.51,-1,-1,-1
153,7,1676.11,520.50,93.62,18.71,0.33,-1,-1,-1
154,1,890.20,470.67,365.53,99.03,0.93,-1,-1,-1
154,4,636.20,777.96,211.41,58.33,0.58,-1,-1,-1
154,3,1878.36,725.60,45.11,49.23,0.52,-1,-1,-1
154,7,1673.40,519.75,97.45,19.32,0.37,-1,-1,-1
154,20,210.96,539.85,75.84,27.07,0.22,-1,-1,-1
155,1,890.67,470.96,362.94,98.34,0.92,-1,-1,-1
155,4,633.90,776.42,216.19,59.71,0.69,-1,-1,-1
155,3,1879.82,722.76,42.80,47.68,0.34,-1,-1,-1
155,7,1669.96,519.20,100.92,19.92,0.27,-1,-1,-1
155,25,202.14,570.60,87.27,24.14,0.60,-1,-1,-1
156,1,888.60,470.54,365.72,99.23,0.28,-1,-1,-1
156,4,631.55,776.34,220.09,60.93,0.70,-1,-1,-1
156,7,1673.37,520.05,96.54,18.91,0.24,-1,-1,-1
157,1,889.83,470.86,363.47,98.61,0.94,-1,-1,-1
157,4,632.07,775.60,219.66,60.92,0.73,-1,-1,-1
157,3,1885.49,726.42,35.40,40.08,0.22,-1,-1,-1
157,25,204.72,569.97,85.44,23.60,0.46,-1,-1,-1
158,1,891.52,471.37,362.12,98.29,0.94,-1,-1,-1
158,4,631.15,774.38,222.09,61.82,0.74,-1,-1,-1
158,25,206.08,570.66,83.82,23.05,0.36,-1,-1,-1
158,7,1666.41,519.37,102.07,19.76,0.67,-1,-1,-1
159,1,892.47,470.46,364.10,98.95,0.95,-1,-1,-1
159,4,631.43,774.37,220.25,61.37,0.70,-1,-1,-1
159,25,193.25,562.48,106.50,30.19,0.29,-1,-1,-1
159,7,1669.45,519.93,99.94,19.23,0.22,-1,-1,-1
160,1,890.54,470.68,364.23,99.08,0.77,-1,-1,-1
160,4,631.61,774.14,220.00,61.40,0.77,-1,-1,-1
160,25,190.69,561.56,109.52,31.50,0.62,-1,-1,-1
160,7,1697.17,521.77,80.92,16.20,0.24,-1,-1,-1
160,2,825.91,693.69,182.70,42.85,0.20,-1,-1,-1
161,1,890.83,471.64,362.00,98.45,0.67,-1,-1,-1
161,4,630.50,773.24,221.27,61.94,0.83,-1,-1,-1
161,25,188.47,558.58,114.14,33.62,0.65,-1,-1,-1
161,7,1695.57,521.63,82.56,16.59,0.30,-1,-1,-1
161,2,825.53,693.59,184.39,43.49,0.44,-1,-1,-1
162,1,893.02,472.07,358.80,97.53,0.88,-1,-1,-1
162,4,631.78,773.53,219.39,61.52,0.79,-1,-1,-1
162,25,193.16,561.38,105.10,31.18,0.77,-1,-1,-1
162,7,1684.41,520.89,88.04,17.56,0.46,-1,-1,-1
162,2,826.82,694.75,181.64,42.86,0.57,-1,-1,-1
163,1,898.83,473.74,352.01,95.21,0.30,-1,-1,-1
163,4,632.51,773.42,218.12,61.20,0.77,-1,-1,-1
163,25,184.34,554.12,122.65,37.61,0.75,-1,-1,-1
163,2,828.66,695.42,179.12,42.07,0.57,-1,-1,-1
164,1,894.78,473.02,358.16,96.92,0.82,-1,-1,-1
164,4,633.22,773.62,217.31,61.08,0.80,-1,-1,-1
164,25,194.22,561.08,102.76,31.27,0.73,-1,-1,-1
164,2,827.81,694.88,181.70,42.70,0.44,-1,-1,-1
164,7,1694.40,521.11,82.26,16.60,0.38,-1,-1,-1
165,1,892.54,472.78,359.13,97.13,0.94,-1,-1,-1
165,4,632.83,773.14,217.39,61.21,0.83,-1,-1,-1
165,25,199.91,565.65,92.01,27.45,0.62,-1,-1,-1
165,2,830.99,696.45,176.50,41.08,0.75,-1,-1,-1
165,3,1898.63,736.30,19.84,23.12,0.21,-1,-1,-1
166,1,890.23,471.34,363.20,98.48,0.94,-1,-1,-1
166,4,632.73,772.90,217.63,61.34,0.77,-1,-1,-1
166,25,202.36,566.46,87.67,25.85,0.41,-1,-1,-1
166,2,829.67,696.25,180.97,42.00,0.75,-1,-1,-1
166,7,1681.29,519.74,93.38,18.69,0.61,-1,-1,-1
167,1,892.02,472.68,360.50,97.76,0.66,-1,-1,-1
167,4,630.31,772.85,221.23,62.47,0.67,-1,-1,-1
167,25,203.69,568.07,84.88,24.60,0.63,-1,-1,-1
167,2,827.85,695.25,186.47,43.26,0.82,-1,-1,-1
167,7,1687.37,520.00,91.26,18.41,0.52,-1,-1,-1
168,1,895.75,474.27,355.28,96.29,0.28,-1,-1,-1
168,4,629.57,772.82,221.56,62.60,0.69,-1,-1,-1
168,25,202.44,568.66,83.37,23.50,0.71,-1,-1,-1
168,2,827.67,694.95,188.35,43.70,0.86,-1,-1,-1
169,1,894.83,474.07,353.95,95.93,0.93,-1,-1,-1
169,4,631.22,773.78,217.43,61.22,0.51,-1,-1,-1
169,25,203.82,568.74,83.49,23.16,0.66,-1,-1,-1
169,2,829.54,696.05,184.92,42.70,0.89,-1,-1,-1
170,1,894.45,473.63,356.20,96.79,0.40,-1,-1,-1
170,4,633.48,774.17,213.95,60.02,0.63,-1,-1,-1
170,25,204.22,568.69,84.21,23.06,0.42,-1,-1,-1
170,2,831.49,696.59,180.67,41.33,0.90,-1,-1,-1
170,3,1899.21,730.64,22.81,28.33,0.30,-1,-1,-1
171,1,895.45,473.17,353.62,95.96,0.96,-1,-1,-1
171,25,202.36,568.85,87.50,23.63,0.69,-1,-1,-1
171,2,832.11,697.45,179.73,40.85,0.89,-1,-1,-1
171,7,1669.91,516.34,108.97,21.97,0.80,-1,-1,-1
172,1,894.47,471.35,359.85,97.51,0.96,-1,-1,-1
172,25,202.64,569.71,87.09,23.12,0.78,-1,-1,-1
172,2,833.29,698.07,177.31,40.01,0.87,-1,-1,-1
172,7,1665.20,515.25,115.40,23.37,0.73,-1,-1,-1
172,20,225.34,545.06,51.71,17.15,0.24,-1,-1,-1
172,4,633.52,774.81,213.29,59.57,0.37,-1,-1,-1
173,1,893.72,471.66,358.70,97.15,0.96,-1,-1,-1
173,25,201.92,569.63,86.77,22.74,0.40,-1,-1,-1
173,2,832.93,698.29,178.95,40.13,0.92,-1,-1,-1
173,7,1664.21,514.80,118.20,24.05,0.35,-1,-1,-1
173,20,226.22,546.31,48.71,15.32,0.32,-1,-1,-1
173,4,628.35,774.06,221.28,61.75,0.21,-1,-1,-1
174,1,891.62,470.92,362.26,98.08,0.96,-1,-1,-1
174,25,202.59,569.70,89.16,23.11,0.80,-1,-1,-1
174,2,832.81,698.34,178.61,39.76,0.90,-1,-1,-1
174,7,1664.57,514.87,116.29,23.65,0.59,-1,-1,-1
174,4,631.34,774.40,216.72,60.21,0.24,-1,-1,-1
175,1,896.66,474.49,350.68,94.57,0.96,-1,-1,-1
175,25,206.25,571.61,83.45,21.07,0.77,-1,-1,-1
175,2,832.69,698.18,180.72,40.03,0.87,-1,-1,-1
175,7,1666.04,515.35,114.98,23.41,0.54,-1,-1,-1
175,4,633.62,776.16,213.26,58.96,0.21,-1,-1,-1
176,1,893.02,472.68,357.02,96.33,0.95,-1,-1,-1
176,25,203.05,570.67,88.39,22.11,0.76,-1,-1,-1
176,2,831.47,697.95,183.57,40.54,0.87,-1,-1,-1
176,7,1667.43,515.29,111.56,22.55,0.37,-1,-1,-1
176,4,634.87,776.53,210.87,57.96,0.29,-1,-1,-1
176,20,223.00,544.01,57.78,17.42,0.23,-1,-1,-1
177,1,893.31,472.04,358.30,96.52,0.94,-1,-1,-1
177,25,200.92,570.43,90.60,22.49,0.22,-1,-1,-1
177,2,831.81,697.77,183.34,40.23,0.91,-1,-1,-1
177,7,1668.07,514.33,112.51,22.74,0.62,-1,-1,-1
177,4,631.72,776.30,214.89,58.82,0.30,-1,-1,-1
178,1,889.09,469.35,365.26,98.60,0.94,-1,-1,-1
178,25,200.80,569.90,89.84,22.12,0.64,-1,-1,-1
178,2,831.03,697.49,185.23,40.52,0.85,-1,-1,-1
178,7,1668.17,515.10,112.53,22.78,0.20,-1,-1,-1
178,4,626.21,775.43,223.20,61.02,0.29,-1,-1,-1
178,20,223.21,543.99,57.95,17.21,0.21,-1,-1,-1
179,1,888.90,470.74,359.27,97.13,0.95,-1,-1,-1
179,25,196.61,567.39,98.31,24.43,0.46,-1,-1,-1
179,2,829.66,697.01,187.92,41.05,0.80,-1,-1,-1
179,7,1669.04,514.92,113.22,22.95,0.37,-1,-1,-1
179,4,623.45,774.39,226.17,61.73,0.20,-1,-1,-1
180,1,893.06,469.85,360.64,97.38,0.94,-1,-1,-1
180,25,198.24,568.69,94.78,23.39,0.51,-1,-1,-1
180,2,828.57,696.64,189.72,41.47,0.53,-1,-1,-1
180,7,1668.87,514.14,114.02,23.18,0.48,-1,-1,-1
181,1,891.71,469.44,361.19,97.55,0.94,-1,-1,-1
181,25,202.32,570.56,88.65,21.53,0.70,-1,-1,-1
181,2,825.30,694.97,195.96,43.04,0.55,-1,-1,-1
181,7,1669.71,514.77,111.88,22.72,0.62,-1,-1,-1
181,20,225.85,535.85,84.66,24.49,0.24,-1,-1,-1
181,4,619.42,772.43,231.57,63.26,0.34,-1,-1,-1
182,1,893.36,469.29,360.43,97.17,0.94,-1,-1,-1
182,25,199.86,570.46,90.59,21.92,0.22,-1,-1,-1
182,2,827.24,695.57,192.16,42.16,0.71,-1,-1,-1
182,7,1669.59,514.06,114.90,23.48,0.65,-1,-1,-1
182,20,223.15,540.93,68.18,19.67,0.31,-1,-1,-1
182,4,618.40,770.92,233.23,63.77,0.26,-1,-1,-1
183,1,891.93,469.84,359.48,96.91,0.94,-1,-1,-1
183,25,198.32,569.91,93.10,22.50,0.64,-1,-1,-1
183,2,827.79,695.78,190.86,41.84,0.78,-1,-1,-1
183,7,1671.20,514.79,112.39,23.01,0.57,-1,-1,-1
183,20,220.59,543.08,61.79,17.94,0.25,-1,-1,-1
184,1,890.06,469.04,363.12,98.06,0.93,-1,-1,-1
184,25,199.35,570.02,91.15,21.94,0.78,-1,-1,-1
184,2,829.85,696.27,188.79,41.23,0.85,-1,-1,-1
184,7,1671.32,514.53,110.37,22.64,0.40,-1,-1,-1
184,20,219.59,542.74,60.05,17.54,0.21,-1,-1,-1
184,4,622.75,771.90,227.39,62.03,0.30,-1,-1,-1
185,1,892.43,470.23,359.82,96.99,0.93,-1,-1,-1
185,25,199.50,570.28,90.31,21.61,0.88,-1,-1,-1
185,2,828.10,695.38,192.43,42.05,0.67,-1,-1,-1
185,7,1669.97,513.67,112.63,23.22,0.49,-1,-1,-1
185,20,219.90,543.77,57.27,16.57,0.34,-1,-1,-1
185,4,625.29,772.77,223.53,60.89,0.78,-1,-1,-1
186,1,894.20,471.30,356.82,95.87,0.94,-1,-1,-1
186,25,199.99,570.15,88.80,21.12,0.86,-1,-1,-1
186,2,827.20,695.90,192.93,42.22,0.80,-1,-1,-1
186,7,1670.92,514.37,110.19,22.66,0.64,-1,-1,-1
186,20,220.42,544.27,54.50,15.65,0.28,-1,-1,-1
186,4,623.68,773.41,226.23,61.60,0.43,-1,-1,-1
187,1,896.07,473.66,350.93,94.09,0.93,-1,-1,-1
187,25,200.56,569.86,89.27,21.10,0.86,-1,-1,-1
187,2,826.32,694.95,192.81,42.29,0.76,-1,-1,-1
187,20,221.00,544.58,52.88,15.08,0.27,-1,-1,-1
187,4,624.50,774.13,224.10,60.95,0.75,-1,-1,-1
188,1,896.94,473.09,351.38,93.95,0.94,-1,-1,-1
188,25,198.95,569.39,91.77,21.60,0.88,-1,-1,-1
188,2,827.59,695.49,191.67,42.05,0.89,-1,-1,-1
188,20,213.54,540.11,64.59,18.69,0.26,-1,-1,-1
188,4,622.13,773.17,227.47,61.92,0.52,-1,-1,-1
188,7,1672.95,514.58,112.74,23.08,0.74,-1,-1,-1
189,1,893.20,471.33,354.57,94.80,0.93,-1,-1,-1
189,25,199.50,569.76,90.81,21.28,0.54,-1,-1,-1
189,2,826.70,695.07,193.63,42.60,0.83,-1,-1,-1
189,20,217.57,541.23,61.68,17.90,0.33,-1,-1,-1
189,4,623.32,773.48,225.91,61.50,0.75,-1,-1,-1
189,7,1672.43,515.22,111.97,22.94,0.65,-1,-1,-1
190,1,895.27,473.46,352.26,93.95,0.93,-1,-1,-1
190,25,198.43,568.97,91.42,21.36,0.81,-1,-1,-1
190,2,829.27,696.05,187.63,41.16,0.81,-1,-1,-1
190,20,221.40,542.37,57.90,16.66,0.27,-1,-1,-1
190,4,625.53,773.43,221.51,60.11,0.76,-1,-1,-1
190,7,1673.02,515.30,108.89,22.29,0.83,-1,-1,-1
191,1,893.02,472.18,354.64,94.70,0.92,-1,-1,-1
191,25,200.14,570.34,89.34,20.71,0.78,-1,-1,-1
191,2,827.08,694.84,192.63,42.40,0.80,-1,-1,-1
191,20,222.53,544.45,54.87,15.64,0.22,-1,-1,-1
191,4,624.26,773.79,223.79,60.73,0.81,-1,-1,-1
191,7,1673.74,514.97,110.01,22.48,0.69,-1,-1,-1
192,1,891.23,470.96,359.14,95.88,0.94,-1,-1,-1
192,25,197.02,568.17,94.97,22.05,0.77,-1,-1,-1
192,2,827.65,695.00,193.61,42.69,0.85,-1,-1,-1
192,20,222.69,543.10,57.81,16.49,0.30,-1,-1,-1
192,4,624.58,774.18,223.51,60.53,0.63,-1,-1,-1
192,7,1667.48,513.12,117.21,23.86,0.61,-1,-1,-1
193,1,887.87,469.06,361.36,96.67,0.91,-1,-1,-1
193,25,197.26,568.89,94.85,21.98,0.75,-1,-1,-1
193,2,824.95,693.70,197.10,43.72,0.80,-1,-1,-1
193,20,225.03,542.68,61.04,17.29,0.22,-1,-1,-1
193,4,621.98,773.31,229.12,62.33,0.85,-1,-1,-1
193,7,1670.30,513.30,113.75,23.05,0.68,-1,-1,-1
194,1,891.06,469.99,360.49,96.39,0.94,-1,-1,-1
194,25,196.56,569.36,94.93,21.93,0.52,-1,-1,-1
194,2,826.77,693.71,196.62,43.77,0.84,-1,-1,-1
194,20,225.25,544.17,56.06,15.69,0.31,-1,-1,-1
194,4,623.13,773.59,226.98,61.77,0.80,-1,-1,-1
194,7,1668.48,513.30,117.69,23.85,0.64,-1,-1,-1
195,1,888.79,469.45,362.09,96.91,0.93,-1,-1,-1
195,25,195.77,568.46,96.32,22.33,0.79,-1,-1,-1
195,2,826.13,693.17,195.88,43.75,0.80,-1,-1,-1
195,20,223.54,542.07,62.72,17.50,0.32,-1,-1,-1
195,4,621.48,773.97,229.58,62.62,0.75,-1,-1,-1
195,7,1669.86,514.03,114.76,23.22,0.62,-1,-1,-1
196,1,888.43,468.62,364.67,97.67,0.93,-1,-1,-1
196,25,196.00,567.94,97.10,22.41,0.66,-1,-1,-1
196,2,829.15,693.85,189.82,42.36,0.88,-1,-1,-1
196,20,224.62,542.13,62.39,17.21,0.23,-1,-1,-1
196,4,623.45,774.46,225.83,61.54,0.77,-1,-1,-1
196,7,1668.38,512.95,115.55,23.36,0.55,-1,-1,-1
197,1,892.11,470.09,360.84,96.51,0.93,-1,-1,-1
197,25,197.96,568.71,93.84,21.50,0.77,-1,-1,-1
197,2,831.22,695.02,186.28,41.44,0.90,-1,-1,-1
197,4,624.35,774.92,224.55,61.18,0.85,-1,-1,-1
197,7,1669.67,513.04,113.82,23.00,0.72,-1,-1,-1
198,1,896.64,471.86,354.99,94.61,0.94,-1,-1,-1
198,25,197.09,568.60,95.02,21.73,0.72,-1,-1,-1
198,2,830.98,694.54,187.92,41.74,0.86,-1,-1,-1
198,4,625.28,775.10,222.11,60.37,0.80,-1,-1,-1
198,7,1666.73,512.31,118.02,23.90,0.80,-1,-1,-1
199,1,894.85,471.49,355.79,94.66,0.93,-1,-1,-1
199,25,195.48,567.53,97.46,22.37,0.68,-1,-1,-1
199,2,830.03,694.67,190.32,42.27,0.91,-1,-1,-1
199,4,623.73,774.73,223.76,60.80,0.81,-1,-1,-1
199,7,1668.89,512.95,117.61,23.88,0.63,-1,-1,-1
199,20,226.70,543.83,60.81,16.52,0.30,-1,-1,-1
200,1,894.84,470.82,357.78,94.94,0.93,-1,-1,-1
200,25,195.47,567.57,97.77,22.45,0.77,-1,-1,-1
200,2,830.53,695.02,189.07,41.96,0.87,-1,-1,-1
200,4,622.88,774.71,224.84,61.11,0.85,-1,-1,-1
200,7,1671.38,514.22,116.41,23.71,0.38,-1,-1,-1
200,20,225.86,543.33,62.32,16.80,0.23,-1,-1,-1
201,1,895.10,473.64,351.15,92.78,0.92,-1,-1,-1
201,25,199.90,568.86,94.24,21.30,0.79,-1,-1,-1
201,2,829.50,694.82,189.71,42.18,0.88,-1,-1,-1
201,4,621.23,774.29,227.54,61.96,0.78,-1,-1,-1
201,20,223.47,545.81,55.56,14.67,0.21,-1,-1,-1
202,1,893.93,475.05,349.74,91.80,0.92,-1,-1,-1
202,25,201.21,569.41,91.76,20.46,0.78,-1,-1,-1
202,2,827.78,695.04,192.17,42.93,0.51,-1,-1,-1
202,4,619.15,773.83,230.88,63.02,0.79,-1,-1,-1
203,1,887.38,471.03,364.54,95.85,0.93,-1,-1,-1
203,25,200.00,568.37,96.16,21.32,0.71,-1,-1,-1
203,2,829.83,694.39,192.82,43.30,0.60,-1,-1,-1
203,4,619.48,774.12,229.58,62.70,0.69,-1,-1,-1
204,1,890.65,473.81,354.18,92.74,0.93,-1,-1,-1
204,25,199.06,568.54,95.37,20.97,0.34,-1,-1,-1
204,2,829.10,694.54,193.32,43.57,0.80,-1,-1,-1
204,4,618.09,773.97,231.94,63.48,0.82,-1,-1,-1
205,1,893.45,474.23,350.98,91.43,0.92,-1,-1,-1
205,25,199.06,568.94,94.96,20.68,0.79,-1,-1,-1
205,2,832.83,694.71,190.40,43.05,0.62,-1,-1,-1
205,4,617.42,774.31,232.32,63.68,0.65,-1,-1,-1
206,1,886.14,470.12,365.42,95.25,0.92,-1,-1,-1
206,25,195.84,567.52,98.29,21.49,0.38,-1,-1,-1
206,2,829.69,694.24,191.32,43.39,0.23,-1,-1,-1
206,4,615.55,773.33,235.58,64.78,0.67,-1,-1,-1
207,1,881.97,465.81,377.25,98.82,0.92,-1,-1,-1
207,25,196.70,568.92,95.34,20.72,0.56,-1,-1,-1
207,2,830.85,693.97,193.46,44.17,0.64,-1,-1,-1
207,4,611.79,772.72,242.92,67.29,0.59,-1,-1,-1
208,1,887.66,469.65,366.16,95.74,0.93,-1,-1,-1
208,25,195.50,568.40,97.67,21.19,0.60,-1,-1,-1
208,2,831.43,694.87,188.74,43.08,0.42,-1,-1,-1
208,4,612.08,772.94,243.37,67.83,0.69,-1,-1,-1
209,1,887.19,469.66,366.65,95.79,0.92,-1,-1,-1
209,25,196.49,568.82,95.36,20.54,0.79,-1,-1,-1
209,2,832.28,695.44,186.75,42.53,0.79,-1,-1,-1
209,4,613.44,773.26,241.63,67.66,0.61,-1,-1,-1
210,1,888.82,469.35,366.72,95.74,0.93,-1,-1,-1
210,25,197.67,569.38,93.72,20.07,0.76,-1,-1,-1
210,2,833.56,695.89,185.31,42.11,0.77,-1,-1,-1
210,4,611.57,772.64,244.22,68.79,0.50,-1,-1,-1
210,7,1688.73,517.27,90.63,19.32,0.28,-1,-1,-1
211,1,891.55,471.68,360.92,93.91,0.92,-1,-1,-1
211,25,196.01,569.62,93.05,19.95,0.47,-1,-1,-1
211,2,836.18,696.87,181.40,40.95,0.75,-1,-1,-1
211,4,614.03,772.14,239.70,67.71,0.67,-1,-1,-1
211,20,218.62,542.28,59.12,15.90,0.24,-1,-1,-1
212,1,889.81,471.72,362.28,94.26,0.93,-1,-1,-1
212,25,192.45,569.08,96.29,20.75,0.47,-1,-1,-1
212,2,834.91,696.53,182.06,41.03,0.66,-1,-1,-1
212,4,614.70,771.74,238.89,67.77,0.71,-1,-1,-1
213,1,893.11,472.42,358.67,93.05,0.92,-1,-1,-1
213,25,193.53,569.24,94.37,20.37,0.60,-1,-1,-1
213,2,835.56,696.70,181.20,40.57,0.82,-1,-1,-1
213,4,616.44,772.04,235.35,66.90,0.70,-1,-1,-1
214,1,891.64,471.80,360.40,93.39,0.93,-1,-1,-1
214,25,191.20,568.18,99.00,21.59,0.57,-1,-1,-1
214,2,836.21,697.42,179.26,39.81,0.78,-1,-1,-1
214,4,615.83,771.90,236.52,67.47,0.71,-1,-1,-1
215,1,893.62,473.13,356.38,91.92,0.92,-1,-1,-1
215,25,192.36,568.22,96.19,21.09,0.73,-1,-1,-1
215,2,834.16,697.05,182.97,40.49,0.62,-1,-1,-1
215,4,617.63,772.21,233.28,66.65,0.77,-1,-1,-1
215,7,1686.92,516.55,101.93,21.22,0.37,-1,-1,-1
216,1,888.35,471.37,361.79,93.46,0.91,-1,-1,-1
216,25,191.87,566.80,98.01,21.69,0.73,-1,-1,-1
216,4,619.41,773.96,227.93,64.94,0.69,-1,-1,-1
216,7,1682.05,515.67,107.91,21.83,0.37,-1,-1,-1
216,20,211.97,538.59,68.59,19.17,0.21,-1,-1,-1
217,1,889.24,470.32,366.19,94.54,0.93,-1,-1,-1
217,25,188.00,565.62,102.68,22.98,0.79,-1,-1,-1
217,4,616.11,774.55,233.12,66.43,0.27,-1,-1,-1
217,7,1688.29,516.27,104.89,20.98,0.31,-1,-1,-1
218,1,889.02,471.79,362.21,93.42,0.91,-1,-1,-1
218,25,191.10,566.82,95.91,21.45,0.81,-1,-1,-1
218,4,615.33,774.42,234.32,66.77,0.40,-1,-1,-1
219,1,889.06,470.75,364.77,94.06,0.92,-1,-1,-1
219,25,192.66,567.84,93.00,20.79,0.74,-1,-1,-1
219,4,617.08,776.08,231.21,65.78,0.61,-1,-1,-1
219,2,831.08,696.21,186.94,41.31,0.21,-1,-1,-1
219,7,1685.23,516.01,109.77,21.61,0.41,-1,-1,-1
220,1,887.93,469.34,368.46,94.98,0.92,-1,-1,-1
220,25,190.34,566.92,97.20,21.89,0.79,-1,-1,-1
220,4,613.35,776.07,238.12,68.00,0.35,-1,-1,-1
220,2,829.88,695.62,186.48,41.21,0.39,-1,-1,-1
221,1,893.49,473.53,355.89,91.30,0.91,-1,-1,-1
221,25,192.39,566.92,94.03,21.14,0.75,-1,-1,-1
221,4,613.28,776.93,238.69,68.40,0.73,-1,-1,-1
221,2,827.37,694.76,193.92,43.02,0.54,-1,-1,-1
221,7,1688.74,516.25,106.49,20.76,0.42,-1,-1,-1
222,1,889.76,474.25,353.51,90.68,0.89,-1,-1,-1
222,25,193.51,566.96,91.97,20.66,0.75,-1,-1,-1
222,4,615.85,778.17,233.12,66.79,0.78,-1,-1,-1
222,2,828.03,694.27,194.38,43.18,0.43,-1,-1,-1
222,7,1681.52,515.08,109.03,21.31,0.41,-1,-1,-1
223,1,897.14,478.39,343.68,87.44,0.91,-1,-1,-1
223,25,191.69,566.19,95.55,21.59,0.70,-1,-1,-1
223,4,613.47,777.93,237.75,68.41,0.72,-1,-1,-1
223,2,825.80,694.09,200.42,44.76,0.75,-1,-1,-1
223,7,1682.07,516.19,107.04,21.03,0.67,-1,-1,-1
224,1,896.80,476.48,349.50,88.54,0.91,-1,-1,-1
224,25,190.48,566.07,97.78,22.22,0.80,-1,-1,-1
224,4,613.18,778.13,238.29,68.94,0.83,-1,-1,-1
224,2,823.67,693.59,206.16,46.37,0.64,-1,-1,-1
224,7,1684.83,515.52,106.76,20.86,0.22,-1,-1,-1
224,20,215.56,542.29,58.62,16.33,0.24,-1,-1,-1
225,1,899.12,478.60,345.22,86.87,0.90,-1,-1,-1
225,25,192.82,567.06,93.55,21.15,0.71,-1,-1,-1
225,4,612.75,777.59,238.98,69.50,0.85,-1,-1,-1
225,2,825.29,692.36,209.65,47.65,0.22,-1,-1,-1
226,1,893.94,475.02,359.22,90.36,0.92,-1,-1,-1
226,25,191.77,566.67,95.95,21.72,0.55,-1,-1,-1
226,4,611.90,776.78,239.20,69.73,0.65,-1,-1,-1
227,1,891.39,475.18,362.56,91.09,0.93,-1,-1,-1
227,25,190.98,566.00,97.65,22.23,0.55,-1,-1,-1
227,4,613.06,776.93,237.61,69.46,0.79,-1,-1,-1
228,1,885.68,470.47,373.68,94.21,0.91,-1,-1,-1
228,25,189.89,565.89,97.93,22.51,0.33,-1,-1,-1
228,4,615.51,776.72,234.01,68.44,0.80,-1,-1,-1
228,2,828.90,693.20,205.55,47.08,0.25,-1,-1,-1
229,1,886.06,471.69,370.79,93.58,0.90,-1,-1,-1
229,25,191.78,566.61,95.40,21.90,0.58,-1,-1,-1
229,4,615.37,776.12,234.71,68.77,0.80,-1,-1,-1
229,2,831.78,694.98,198.40,45.51,0.45,-1,-1,-1
229,7,1684.80,515.69,109.03,21.38,0.65,-1,-1,-1
230,1,885.94,471.09,374.78,94.70,0.92,-1,-1,-1
230,25,191.92,566.47,95.38,21.92,0.53,-1,-1,-1
230,4,616.86,776.92,232.89,68.28,0.84,-1,-1,-1
230,2,831.80,696.23,193.03,44.21,0.73,-1,-1,-1
230,7,1687.81,515.77,111.29,21.73,0.40,-1,-1,-1
231,1,883.50,469.24,377.40,95.64,0.93,-1,-1,-1
231,25,190.70,565.16,96.22,22.24,0.69,-1,-1,-1
231,4,614.84,776.81,236.31,69.44,0.71,-1,-1,-1
231,7,1688.72,515.26,112.75,21.99,0.26,-1,-1,-1
232,1,880.41,466.46,382.86,97.55,0.92,-1,-1,-1
232,25,191.69,566.13,91.95,21.27,0.28,-1,-1,-1
232,4,614.34,776.74,236.90,69.71,0.58,-1,-1,-1
232,7,1690.05,515.90,110.26,21.52,0.39,-1,-1,-1
233,1,877.70,465.88,384.25,98.56,0.93,-1,-1,-1
233,25,193.51,566.59,88.83,20.50,0.45,-1,-1,-1
233,4,615.50,777.85,232.72,68.31,0.70,-1,-1,-1
233,7,1688.10,514.04,113.47,22.25,0.57,-1,-1,-1
234,1,876.65,464.56,387.27,99.97,0.92,-1,-1,-1
234,25,192.53,566.14,91.28,21.14,0.73,-1,-1,-1
234,4,615.44,777.97,232.68,68.21,0.79,-1,-1,-1
234,7,1687.62,514.00,113.46,22.17,0.53,-1,-1,-1
235,1,878.43,464.45,383.44,99.42,0.92,-1,-1,-1
235,25,193.65,566.71,89.58,20.67,0.67,-1,-1,-1
235,4,613.98,778.23,236.60,69.43,0.74,-1,-1,-1
235,7,1691.39,515.43,107.75,20.94,0.59,-1,-1,-1
235,2,816.70,699.86,130.63,31.06,0.30,-1,-1,-1
236,1,888.68,469.93,363.98,94.05,0.91,-1,-1,-1
236,25,198.08,569.05,83.48,19.05,0.70,-1,-1,-1
236,4,609.57,778.77,244.13,71.98,0.52,-1,-1,-1
236,7,1691.41,514.85,111.07,21.72,0.52,-1,-1,-1
237,1,888.29,468.12,367.83,95.01,0.92,-1,-1,-1
237,25,195.63,568.00,86.02,19.55,0.64,-1,-1,-1
237,4,607.70,778.11,247.72,73.46,0.48,-1,-1,-1
237,7,1691.36,514.10,111.90,21.96,0.53,-1,-1,-1
238,1,891.23,469.17,363.43,93.65,0.93,-1,-1,-1
238,25,194.35,567.54,88.08,20.00,0.56,-1,-1,-1
238,4,604.73,777.13,253.91,75.90,0.30,-1,-1,-1
238,7,1692.91,514.63,111.09,21.86,0.42,-1,-1,-1
239,1,892.28,469.52,361.69,92.86,0.93,-1,-1,-1
239,25,193.86,567.24,90.59,20.54,0.78,-1,-1,-1
239,4,603.20,776.46,256.54,77.26,0.33,-1,-1,-1
240,1,892.73,471.54,356.77,91.39,0.93,-1,-1,-1
240,25,190.72,565.33,96.65,22.07,0.63,-1,-1,-1
240,4,608.86,777.39,244.53,73.56,0.40,-1,-1,-1
240,7,1694.38,514.52,108.57,21.34,0.42,-1,-1,-1
241,1,888.79,471.06,362.54,92.87,0.91,-1,-1,-1
241,25,191.74,566.23,94.97,21.61,0.76,-1,-1,-1
241,4,613.57,780.40,233.92,70.10,0.83,-1,-1,-1
241,7,1695.62,515.02,109.99,21.60,0.66,-1,-1,-1
242,1,886.95,469.80,368.81,94.56,0.92,-1,-1,-1
242,25,185.29,563.45,104.71,24.21,0.53,-1,-1,-1
242,4,614.17,782.16,232.48,69.46,0.80,-1,-1,-1
242,7,1694.92,515.45,110.34,21.61,0.31,-1,-1,-1
242,2,828.69,696.14,195.20,46.43,0.51,-1,-1,-1
243,1,895.24,473.98,355.29,90.57,0.92,-1,-1,-1
243,25,189.90,565.52,95.10,21.92,0.77,-1,-1,-1
243,4,611.93,782.74,236.01,70.47,0.78,-1,-1,-1
243,7,1693.81,515.69,109.89,21.42,0.37,-1,-1,-1
243,2,832.82,695.96,198.13,47.30,0.22,-1,-1,-1
244,1,888.40,472.01,364.88,93.18,0.92,-1,-1,-1
244,25,184.45,562.52,106.20,24.90,0.60,-1,-1,-1
244,4,611.21,783.32,237.67,70.92,0.70,-1,-1,-1
244,7,1694.17,515.21,110.69,21.58,0.39,-1,-1,-1
245,1,884.30,470.30,370.54,94.94,0.91,-1,-1,-1
245,25,183.76,561.79,108.16,25.73,0.64,-1,-1,-1
245,4,609.04,782.23,242.67,72.53,0.65,-1,-1,-1
245,7,1694.19,515.42,111.52,21.71,0.45,-1,-1,-1
246,1,884.12,470.03,371.96,95.54,0.93,-1,-1,-1
246,25,177.16,557.76,119.92,29.37,0.58,-1,-1,-1
246,4,612.65,783.76,236.89,70.62,0.77,-1,-1,-1
246,7,1694.36,515.74,110.39,21.50,0.55,-1,-1,-1
247,1,884.57,470.88,371.99,95.77,0.93,-1,-1,-1
247,25,186.64,562.96,100.67,24.51,0.64,-1,-1,-1
247,4,612.54,784.25,235.63,70.07,0.74,-1,-1,-1
247,7,1694.50,515.15,113.16,22.03,0.60,-1,-1,-1
248,1,890.52,472.91,363.82,93.45,0.93,-1,-1,-1
248,25,187.16,563.42,99.35,24.30,0.61,-1,-1,-1
248,4,615.74,785.45,227.96,67.32,0.80,-1,-1,-1
249,1,893.37,472.96,360.54,92.32,0.93,-1,-1,-1
249,25,190.84,565.35,90.99,22.06,0.62,-1,-1,-1
249,4,616.62,785.30,226.04,66.25,0.64,-1,-1,-1
250,1,892.68,473.29,361.41,92.35,0.93,-1,-1,-1
250,25,192.97,566.94,85.96,20.65,0.70,-1,-1,-1
250,4,609.97,784.41,237.87,69.73,0.27,-1,-1,-1
250,20,214.36,539.74,63.96,18.76,0.25,-1,-1,-1
250,7,1698.75,516.55,106.35,20.59,0.47,-1,-1,-1
251,1,890.51,473.37,364.49,92.93,0.92,-1,-1,-1
251,25,194.67,567.35,86.88,20.84,0.71,-1,-1,-1
251,4,603.89,783.90,245.85,72.08,0.24,-1,-1,-1
252,1,888.71,472.71,371.55,94.80,0.91,-1,-1,-1
252,25,197.59,567.64,85.27,20.40,0.67,-1,-1,-1
252,4,608.99,785.15,237.93,69.46,0.69,-1,-1,-1
253,1,888.34,471.89,371.05,94.61,0.92,-1,-1,-1
253,25,194.89,567.52,87.86,20.82,0.70,-1,-1,-1
253,4,610.95,787.90,235.61,68.66,0.78,-1,-1,-1
254,1,883.96,470.16,378.46,96.86,0.92,-1,-1,-1
254,25,194.28,566.84,91.85,21.79,0.43,-1,-1,-1
254,4,609.54,787.87,239.12,69.77,0.72,-1,-1,-1
255,1,888.48,472.75,367.72,93.91,0.92,-1,-1,-1
255,25,192.07,565.78,94.85,22.60,0.70,-1,-1,-1
255,4,607.79,786.93,243.61,71.31,0.66,-1,-1,-1
256,1,886.44,471.91,369.28,94.47,0.92,-1,-1,-1
256,25,198.55,569.12,83.82,19.63,0.58,-1,-1,-1
256,4,609.06,787.25,240.58,70.15,0.45,-1,-1,-1
257,1,889.51,472.96,366.69,93.64,0.93,-1,-1,-1
257,25,199.25,569.32,83.40,19.47,0.72,-1,-1,-1
257,4,610.55,788.14,237.87,69.08,0.64,-1,-1,-1
257,7,1704.43,519.09,102.90,19.74,0.49,-1,-1,-1
258,1,887.38,473.56,364.95,93.28,0.93,-1,-1,-1
258,25,199.78,570.14,80.28,18.44,0.70,-1,-1,-1
258,4,607.44,788.28,243.17,70.60,0.29,-1,-1,-1
258,7,1715.88,520.07,95.04,18.34,0.39,-1,-1,-1
259,1,887.88,472.85,367.20,93.83,0.91,-1,-1,-1
259,25,198.78,570.38,82.16,18.73,0.68,-1,-1,-1
259,4,606.40,788.26,244.30,70.82,0.32,-1,-1,-1
259,7,1714.07,518.69,99.38,19.37,0.51,-1,-1,-1
260,1,880.54,469.38,378.39,97.24,0.93,-1,-1,-1
260,25,196.53,569.97,84.71,19.19,0.34,-1,-1,-1
260,7,1712.44,519.18,97.67,18.85,0.35,-1,-1,-1
261,1,887.72,472.47,366.80,93.92,0.90,-1,-1,-1
261,25,196.41,569.94,84.47,18.87,0.76,-1,-1,-1
261,7,1701.74,516.45,109.02,21.16,0.85,-1,-1,-1
262,1,887.34,472.06,367.91,94.10,0.93,-1,-1,-1
262,25,193.18,569.16,86.06,19.15,0.79,-1,-1,-1
262,7,1700.02,515.84,111.22,21.55,0.82,-1,-1,-1
263,1,883.30,468.47,381.95,98.14,0.93,-1,-1,-1
263,25,190.12,567.99,90.08,20.14,0.79,-1,-1,-1
263,7,1699.92,515.68,112.72,21.93,0.88,-1,-1,-1
263,2,844.19,702.97,189.02,44.26,0.29,-1,-1,-1
263,20,225.94,543.21,50.04,15.20,0.28,-1,-1,-1
263,4,609.24,789.33,236.92,68.26,0.30,-1,-1,-1
264,1,886.19,470.50,373.88,96.19,0.93,-1,-1,-1
264,25,190.41,567.60,88.86,19.81,0.73,-1,-1,-1
264,7,1697.47,514.56,118.24,23.14,0.84,-1,-1,-1
264,4,610.44,789.61,233.80,66.81,0.43,-1,-1,-1
265,1,884.52,468.47,377.59,97.47,0.92,-1,-1,-1
265,25,189.76,567.27,91.70,20.48,0.78,-1,-1,-1
265,7,1700.67,515.50,114.52,22.38,0.47,-1,-1,-1
266,1,883.51,467.08,380.35,98.52,0.93,-1,-1,-1
266,25,189.70,567.47,91.41,20.44,0.73,-1,-1,-1
266,7,1698.84,515.18,116.31,22.74,0.75,-1,-1,-1
266,20,221.09,541.55,53.81,16.34,0.35,-1,-1,-1
267,1,888.46,471.92,368.62,95.42,0.93,-1,-1,-1
267,25,190.53,567.36,89.99,20.06,0.74,-1,-1,-1
267,7,1702.31,515.67,113.32,22.12,0.76,-1,-1,-1
267,4,610.87,789.75,232.32,65.80,0.48,-1,-1,-1
268,1,886.01,468.76,375.96,97.59,0.92,-1,-1,-1
268,25,190.96,567.75,89.73,20.00,0.79,-1,-1,-1
268,7,1698.58,515.52,117.05,22.78,0.79,-1,-1,-1
268,4,609.69,789.39,232.90,65.43,0.40,-1,-1,-1
269,1,885.33,469.34,373.24,97.00,0.93,-1,-1,-1
269,25,190.98,567.73,89.47,19.92,0.80,-1,-1,-1
269,7,1698.83,515.41,117.38,22.86,0.86,-1,-1,-1
269,4,609.39,790.86,233.65,65.28,0.45,-1,-1,-1
269,20,211.15,542.13,59.27,17.07,0.23,-1,-1,-1
270,1,892.13,471.45,366.69,95.18,0.93,-1,-1,-1
270,25,190.80,567.75,89.96,19.99,0.76,-1,-1,-1
270,7,1699.58,515.69,116.14,22.61,0.72,-1,-1,-1
270,4,611.48,792.67,229.56,63.49,0.44,-1,-1,-1
271,1,877.65,463.17,393.78,103.11,0.92,-1,-1,-1
271,25,189.69,566.54,93.69,20.99,0.64,-1,-1,-1
271,7,1701.63,516.07,113.30,22.03,0.83,-1,-1,-1
271,4,605.54,793.63,246.99,68.65,0.38,-1,-1,-1
272,1,882.82,465.76,382.32,100.08,0.92,-1,-1,-1
272,25,187.25,565.48,96.69,21.89,0.63,-1,-1,-1
272,7,1701.08,515.29,114.26,22.11,0.86,-1,-1,-1
272,20,208.83,539.05,66.93,19.37,0.21,-1,-1,-1
273,1,887.17,468.19,373.32,97.59,0.92,-1,-1,-1
273,25,187.09,564.71,97.32,22.23,0.62,-1,-1,-1
273,7,1701.62,513.23,121.88,23.50,0.78,-1,-1,-1
274,1,888.95,468.30,369.93,96.72,0.92,-1,-1,-1
274,25,188.89,565.78,92.29,21.05,0.64,-1,-1,-1
274,7,1700.99,513.61,120.19,23.22,0.89,-1,-1,-1
274,4,601.61,793.98,251.63,70.24,0.25,-1,-1,-1
274,20,209.17,538.54,67.44,19.70,0.33,-1,-1,-1
275,1,884.62,465.75,377.86,99.13,0.92,-1,-1,-1
275,25,189.80,566.77,91.16,20.84,0.47,-1,-1,-1
275,7,1701.22,514.37,117.13,22.56,0.88,-1,-1,-1
275,4,603.76,793.70,247.36,69.18,0.56,-1,-1,-1
275,20,206.39,537.87,68.88,20.01,0.21,-1,-1,-1
276,1,885.96,467.14,375.43,98.55,0.93,-1,-1,-1
276,25,188.63,566.86,92.68,21.35,0.65,-1,-1,-1
276,7,1704.15,515.63,115.06,22.16,0.86,-1,-1,-1
276,4,601.86,794.15,250.55,70.41,0.49,-1,-1,-1
276,20,209.27,538.23,67.34,19.75,0.29,-1,-1,-1
277,1,884.79,467.22,375.18,98.79,0.92,-1,-1,-1
277,25,188.41,566.91,92.52,21.38,0.55,-1,-1,-1
277,7,1705.18,516.58,114.99,22.20,0.85,-1,-1,-1
277,4,603.75,795.36,247.73,69.68,0.46,-1,-1,-1
277,20,211.52,537.92,65.85,19.60,0.30,-1,-1,-1
278,1,882.46,464.74,381.93,100.89,0.93,-1,-1,-1
278,25,188.44,566.86,92.12,21.40,0.56,-1,-1,-1
278,7,1702.56,516.33,118.13,22.91,0.86,-1,-1,-1
278,20,212.83,538.67,64.35,19.25,0.32,-1,-1,-1
279,1,884.31,465.89,378.34,100.10,0.92,-1,-1,-1
279,25,187.55,566.32,96.37,22.65,0.54,-1,-1,-1
279,7,1700.82,513.95,126.95,24.91,0.86,-1,-1,-1
279,20,213.65,539.23,62.15,18.64,0.29,-1,-1,-1
279,4,599.70,794.29,256.63,72.77,0.35,-1,-1,-1
280,1,885.33,465.63,378.28,100.30,0.93,-1,-1,-1
280,25,186.86,565.48,96.74,22.98,0.38,-1,-1,-1
280,7,1704.23,514.58,122.36,24.11,0.78,-1,-1,-1
280,4,598.93,793.87,257.58,73.51,0.51,-1,-1,-1
281,1,890.44,470.48,363.62,96.07,0.92,-1,-1,-1
281,25,189.70,566.14,92.39,21.82,0.58,-1,-1,-1
281,7,1708.42,515.65,115.38,22.69,0.79,-1,-1,-1
281,4,598.79,794.41,256.56,73.60,0.47,-1,-1,-1
282,1,885.42,466.65,376.84,99.77,0.93,-1,-1,-1
282,25,185.99,563.79,100.69,24.05,0.52,-1,-1,-1
282,7,1709.49,516.97,113.78,22.31,0.82,-1,-1,-1
282,4,600.80,794.58,251.50,72.32,0.57,-1,-1,-1
283,1,884.18,465.87,378.35,100.35,0.93,-1,-1,-1
283,25,188.39,565.51,95.28,22.67,0.69,-1,-1,-1
283,7,1709.51,517.27,113.65,22.31,0.74,-1,-1,-1
283,4,600.03,795.67,250.86,72.45,0.58,-1,-1,-1
284,1,885.79,467.26,370.97,98.57,0.93,-1,-1,-1
284,25,189.80,566.56,90.78,21.43,0.68,-1,-1,-1
284,7,1711.16,517.44,112.17,21.98,0.81,-1,-1,-1
284,4,599.17,795.56,254.25,73.77,0.46,-1,-1,-1
284,2,844.35,706.39,205.12,50.14,0.22,-1,-1,-1
284,20,219.07,538.92,59.71,18.09,0.43,-1,-1,-1
285,1,888.44,468.54,367.19,97.46,0.93,-1,-1,-1
285,25,189.80,566.88,90.11,21.17,0.71,-1,-1,-1
285,7,1708.74,516.00,118.86,23.39,0.86,-1,-1,-1
285,4,598.89,796.04,254.43,74.12,0.46,-1,-1,-1
285,2,844.90,706.65,203.60,51.08,0.45,-1,-1,-1
286,1,887.14,466.87,372.32,99.03,0.92,-1,-1,-1
286,25,187.78,565.87,94.85,22.42,0.45,-1,-1,-1
286,7,1706.64,516.88,120.52,23.67,0.71,-1,-1,-1
286,4,596.85,797.38,257.90,75.58,0.44,-1,-1,-1
287,1,888.99,468.02,369.41,98.24,0.93,-1,-1,-1
287,25,186.78,565.32,97.10,23.14,0.64,-1,-1,-1
287,7,1707.35,516.25,122.87,24.16,0.80,-1,-1,-1
287,4,598.24,799.12,251.98,73.92,0.52,-1,-1,-1
288,1,883.99,465.53,379.10,101.25,0.93,-1,-1,-1
288,25,187.93,566.47,93.20,22.14,0.72,-1,-1,-1
288,7,1707.76,516.35,120.98,23.86,0.78,-1,-1,-1
288,4,597.78,798.67,254.84,75.02,0.41,-1,-1,-1
288,20,213.27,539.46,60.22,18.31,0.26,-1,-1,-1
289,1,883.26,465.84,376.69,100.96,0.93,-1,-1,-1
289,25,188.95,566.99,93.94,22.34,0.71,-1,-1,-1
289,7,1709.65,516.68,117.66,23.10,0.80,-1,-1,-1
289,4,598.48,799.58,253.49,74.94,0.77,-1,-1,-1
289,20,212.75,538.58,63.51,19.44,0.31,-1,-1,-1
290,1,886.65,468.83,367.43,98.39,0.93,-1,-1,-1
290,25,190.25,566.94,92.09,21.84,0.69,-1,-1,-1
290,7,1711.88,517.59,113.12,22.05,0.73,-1,-1,-1
290,4,599.58,800.03,250.87,74.33,0.43,-1,-1,-1
290,2,845.51,707.78,200.21,50.44,0.26,-1,-1,-1
291,1,889.89,468.57,368.07,98.38,0.93,-1,-1,-1
291,25,194.07,569.06,87.34,20.46,0.80,-1,-1,-1
291,7,1710.67,517.83,115.69,22.55,0.87,-1,-1,-1
291,4,598.76,799.54,253.96,75.51,0.26,-1,-1,-1
291,20,214.07,541.20,58.15,17.24,0.22,-1,-1,-1
292,1,889.81,468.88,367.17,98.04,0.93,-1,-1,-1
292,25,192.25,568.23,88.57,20.60,0.77,-1,-1,-1
292,7,1710.76,516.88,118.55,23.08,0.81,-1,-1,-1
292,4,599.00,799.80,253.01,75.36,0.52,-1,-1,-1
292,2,846.10,709.19,199.13,49.91,0.53,-1,-1,-1
293,1,889.46,469.72,367.02,98.00,0.93,-1,-1,-1
293,25,190.58,568.14,88.85,20.46,0.75,-1,-1,-1
293,7,1710.23,516.05,124.44,24.28,0.81,-1,-1,-1
293,4,598.29,800.39,253.63,75.67,0.37,-1,-1,-1
293,35,834.63,707.20,214.27,53.29,0.32,-1,-1,-1
293,2,845.36,708.99,200.77,50.36,0.44,-1,-1,-1
294,1,885.04,467.05,374.90,100.57,0.93,-1,-1,-1
294,25,190.42,568.25,88.42,20.18,0.71,-1,-1,-1
294,7,1708.01,516.20,125.75,24.60,0.83,-1,-1,-1
294,4,599.12,801.61,252.84,75.56,0.64,-1,-1,-1
294,2,846.55,708.30,202.94,51.43,0.21,-1,-1,-1
295,1,892.97,472.18,360.76,96.41,0.93,-1,-1,-1
295,25,191.95,568.43,88.62,20.02,0.79,-1,-1,-1
295,7,1709.75,516.67,123.42,24.02,0.79,-1,-1,-1
295,4,602.82,803.32,244.63,72.95,0.72,-1,-1,-1
295,2,841.62,708.09,206.05,51.99,0.28,-1,-1,-1
296,1,891.95,469.40,368.50,98.41,0.93,-1,-1,-1
296,25,191.79,568.83,87.29,19.65,0.71,-1,-1,-1
296,7,1710.92,517.29,120.17,23.28,0.75,-1,-1,-1
296,20,218.75,539.43,61.54,18.67,0.24,-1,-1,-1
297,1,890.24,469.04,370.51,98.96,0.93,-1,-1,-1
297,25,189.46,568.63,90.56,20.23,0.70,-1,-1,-1
297,7,1712.34,517.35,118.13,22.85,0.76,-1,-1,-1
298,1,881.25,464.47,383.75,103.22,0.92,-1,-1,-1
298,25,188.25,568.33,92.07,20.48,0.62,-1,-1,-1
298,7,1709.51,517.76,122.09,23.58,0.61,-1,-1,-1
298,20,221.68,541.22,55.16,16.80,0.30,-1,-1,-1
299,1,891.40,469.00,368.75,98.86,0.93,-1,-1,-1
299,25,188.94,568.15,92.12,20.37,0.68,-1,-1,-1
299,7,1713.24,518.10,115.72,22.26,0.62,-1,-1,-1
299,4,590.65,803.97,264.42,79.62,0.50,-1,-1,-1
299,2,827.38,704.21,229.09,58.62,0.40,-1,-1,-1
300,1,892.42,470.85,362.36,97.04,0.94,-1,-1,-1
300,25,188.33,568.11,91.79,20.21,0.73,-1,-1,-1
300,7,1713.68,518.11,118.51,22.86,0.77,-1,-1,-1
300,4,597.43,804.66,252.57,75.99,0.81,-1,-1,-1
300,20,222.00,542.67,53.41,16.09,0.22,-1,-1,-1
301,1,894.92,471.88,359.83,95.89,0.94,-1,-1,-1
301,25,185.69,566.86,97.52,21.43,0.72,-1,-1,-1
301,7,1712.66,517.56,119.44,23.05,0.69,-1,-1,-1
301,4,601.56,804.29,245.46,73.53,0.27,-1,-1,-1
301,2,831.36,705.80,222.82,57.05,0.35,-1,-1,-1
302,1,887.34,468.77,372.05,99.25,0.94,-1,-1,-1
302,25,185.93,567.47,96.37,21.06,0.65,-1,-1,-1
302,7,1709.69,516.46,128.60,24.97,0.70,-1,-1,-1
302,2,830.76,706.89,223.12,57.15,0.40,-1,-1,-1
303,1,892.44,471.92,363.44,96.67,0.95,-1,-1,-1
303,25,186.19,567.77,95.02,20.64,0.75,-1,-1,-1
303,7,1708.97,516.60,126.28,24.53,0.70,-1,-1,-1
303,2,837.43,710.29,210.89,53.46,0.32,-1,-1,-1
303,20,223.17,544.13,49.64,14.70,0.24,-1,-1,-1
303,4,601.11,804.73,245.50,73.32,0.28,-1,-1,-1
304,1,886.44,467.79,377.93,100.82,0.94,-1,-1,-1
304,25,186.00,568.06,93.82,20.35,0.71,-1,-1,-1
304,7,1706.77,516.93,128.60,25.16,0.64,-1,-1,-1
304,2,837.75,711.63,208.93,52.57,0.47,-1,-1,-1
305,1,884.28,467.85,376.92,100.47,0.94,-1,-1,-1
305,25,184.36,566.96,99.96,21.79,0.72,-1,-1,-1
305,7,1707.14,515.83,130.82,25.66,0.64,-1,-1,-1
305,2,836.06,711.26,212.62,53.47,0.56,-1,-1,-1
305,4,601.97,806.92,242.40,72.27,0.77,-1,-1,-1
306,1,890.35,470.90,367.91,97.71,0.95,-1,-1,-1
306,25,186.10,568.66,92.11,19.83,0.72,-1,-1,-1
306,7,1712.78,516.69,123.95,24.30,0.76,-1,-1,-1
306,2,834.67,710.44,215.83,54.30,0.61,-1,-1,-1
306,4,601.51,807.39,246.06,73.24,0.57,-1,-1,-1
307,1,890.40,472.30,366.17,97.08,0.94,-1,-1,-1
307,25,186.26,568.75,91.24,19.59,0.70,-1,-1,-1
307,7,1714.77,516.36,124.54,24.45,0.77,-1,-1,-1
307,2,833.60,710.00,219.35,55.36,0.69,-1,-1,-1
308,1,892.22,473.09,362.57,96.00,0.96,-1,-1,-1
308,25,186.55,568.77,91.69,19.62,0.74,-1,-1,-1
308,7,1714.78,517.53,119.91,23.49,0.83,-1,-1,-1
308,2,833.49,709.44,221.22,56.07,0.75,-1,-1,-1
309,1,889.82,471.09,370.24,97.97,0.95,-1,-1,-1
309,25,185.96,568.76,92.38,19.70,0.69,-1,-1,-1
309,7,1714.91,517.67,119.96,23.51,0.73,-1,-1,-1
309,2,836.25,711.03,216.35,54.81,0.81,-1,-1,-1
309,4,596.62,807.55,256.32,76.52,0.20,-1,-1,-1
310,1,891.63,471.75,367.96,97.18,0.96,-1,-1,-1
310,25,182.66,566.87,101.27,21.74,0.75,-1,-1,-1
310,7,1714.46,517.32,120.49,23.62,0.79,-1,-1,-1
310,2,834.98,710.57,217.57,55.25,0.87,-1,-1,-1
310,4,596.70,808.42,254.20,75.90,0.37,-1,-1,-1
311,1,886.60,468.94,376.96,99.85,0.94,-1,-1,-1
311,25,183.79,567.78,99.56,21.36,0.78,-1,-1,-1
311,7,1717.16,517.36,119.20,23.35,0.76,-1,-1,-1
311,2,832.44,709.28,222.96,56.90,0.83,-1,-1,-1
312,1,883.49,466.06,383.07,101.86,0.93,-1,-1,-1
312,25,183.82,568.20,99.39,21.32,0.78,-1,-1,-1
312,7,1716.97,517.82,118.49,23.19,0.70,-1,-1,-1
312,2,831.62,709.23,223.51,57.28,0.64,-1,-1,-1
313,1,881.84,464.66,386.33,103.21,0.94,-1,-1,-1
313,25,183.07,567.80,101.50,21.93,0.71,-1,-1,-1
313,2,832.39,709.45,220.75,56.65,0.68,-1,-1,-1
314,1,887.01,469.13,373.04,99.55,0.95,-1,-1,-1
314,25,182.81,567.28,102.66,22.28,0.79,-1,-1,-1
314,7,1711.58,512.12,140.95,28.16,0.81,-1,-1,-1
315,1,885.42,467.35,380.16,101.72,0.95,-1,-1,-1
315,25,184.17,568.33,98.37,21.33,0.76,-1,-1,-1
315,7,1713.96,513.25,134.77,27.13,0.79,-1,-1,-1
315,2,832.49,710.84,221.66,57.00,0.58,-1,-1,-1
316,1,887.34,468.56,375.67,100.63,0.94,-1,-1,-1
316,25,184.93,568.95,96.75,20.92,0.79,-1,-1,-1
316,7,1714.76,512.85,138.27,28.07,0.77,-1,-1,-1
316,2,832.03,711.31,222.14,57.28,0.83,-1,-1,-1
317,1,888.43,468.33,375.24,100.58,0.95,-1,-1,-1
317,25,185.10,568.82,96.79,20.93,0.81,-1,-1,-1
317,7,1713.67,513.03,139.67,28.58,0.81,-1,-1,-1
317,2,832.41,711.03,222.68,57.63,0.83,-1,-1,-1
317,4,592.21,812.44,264.41,79.38,0.60,-1,-1,-1
318,1,885.23,465.68,381.92,102.67,0.94,-1,-1,-1
318,25,183.78,568.34,98.08,21.28,0.67,-1,-1,-1
318,7,1719.15,515.30,128.40,26.28,0.78,-1,-1,-1
318,2,833.57,711.71,221.49,57.43,0.84,-1,-1,-1
318,4,591.86,812.25,265.92,80.27,0.56,-1,-1,-1
319,1,885.31,466.28,377.86,101.88,0.95,-1,-1,-1
319,25,183.52,568.23,98.93,21.51,0.76,-1,-1,-1
319,7,1717.92,515.29,128.95,26.43,0.77,-1,-1,-1
319,2,834.47,712.07,220.20,57.16,0.66,-1,-1,-1
319,4,591.02,811.95,268.58,81.57,0.27,-1,-1,-1
320,1,893.69,471.33,362.03,97.11,0.96,-1,-1,-1
320,25,183.59,568.29,97.56,21.25,0.82,-1,-1,-1
320,7,1717.65,514.14,134.44,27.75,0.45,-1,-1,-1
320,2,836.17,712.76,217.47,56.40,0.81,-1,-1,-1
320,4,592.55,812.61,264.36,80.34,0.32,-1,-1,-1
321,1,897.23,472.93,358.69,95.82,0.93,-1,-1,-1
321,25,182.15,568.22,99.53,21.77,0.80,-1,-1,-1
321,7,1720.23,516.16,125.31,25.71,0.75,-1,-1,-1
321,2,832.82,712.41,223.79,58.21,0.49,-1,-1,-1
321,20,220.48,545.10,51.38,14.04,0.22,-1,-1,-1
322,1,890.64,469.22,370.63,99.15,0.94,-1,-1,-1
322,25,182.70,567.73,98.80,21.66,0.77,-1,-1,-1
322,7,1719.76,516.02,122.54,25.04,0.74,-1,-1,-1
322,2,833.30,712.55,224.10,58.35,0.56,-1,-1,-1
322,4,592.26,813.93,264.92,80.74,0.43,-1,-1,-1
323,1,892.62,471.95,363.84,97.00,0.96,-1,-1,-1
323,25,180.87,566.34,104.40,23.08,0.79,-1,-1,-1
323,2,837.99,714.56,217.84,56.50,0.84,-1,-1,-1
323,4,587.13,815.06,271.70,83.25,0.28,-1,-1,-1
323,20,220.80,541.90,60.43,16.88,0.43,-1,-1,-1
324,1,891.22,470.57,368.74,98.34,0.96,-1,-1,-1
324,25,181.27,566.93,103.85,23.06,0.73,-1,-1,-1
324,2,838.59,714.93,218.30,56.58,0.83,-1,-1,-1
324,4,585.06,815.62,274.99,84.82,0.24,-1,-1,-1
324,7,1715.16,514.11,128.56,26.44,0.72,-1,-1,-1
325,1,895.09,472.84,364.34,96.84,0.88,-1,-1,-1
325,25,179.86,566.19,104.84,23.41,0.80,-1,-1,-1
325,2,841.00,715.62,215.17,55.62,0.82,-1,-1,-1
325,7,1716.29,513.80,130.14,26.85,0.78,-1,-1,-1
325,20,221.09,543.33,57.97,16.35,0.24,-1,-1,-1
326,1,891.84,471.58,368.79,97.86,0.96,-1,-1,-1
326,25,182.95,567.40,98.95,22.11,0.78,-1,-1,-1
326,2,840.68,715.37,215.49,55.65,0.74,-1,-1,-1
326,7,1717.15,515.19,127.27,26.19,0.79,-1,-1,-1
327,1,888.09,470.77,371.25,98.74,0.95,-1,-1,-1
327,25,183.86,568.09,96.61,21.52,0.78,-1,-1,-1
327,2,837.52,713.86,221.32,57.29,0.76,-1,-1,-1
327,7,1719.02,516.45,125.12,25.65,0.86,-1,-1,-1
327,4,583.66,814.91,280.16,87.21,0.28,-1,-1,-1
328,1,890.95,470.57,369.53,98.21,0.95,-1,-1,-1
328,25,182.58,567.24,99.43,22.23,0.76,-1,-1,-1
328,2,835.92,713.96,223.87,58.06,0.65,-1,-1,-1
328,7,1721.67,516.41,121.45,24.88,0.81,-1,-1,-1
329,1,893.22,472.23,364.43,96.45,0.86,-1,-1,-1
329,25,183.05,567.73,97.92,21.88,0.75,-1,-1,-1
329,2,838.37,715.71,219.27,56.75,0.76,-1,-1,-1
329,7,1721.68,516.98,122.05,24.92,0.92,-1,-1,-1
329,4,585.99,815.44,273.96,85.51,0.26,-1,-1,-1
330,1,891.30,472.13,366.38,96.90,0.96,-1,-1,-1
330,25,183.56,567.67,97.62,21.83,0.76,-1,-1,-1
330,2,838.91,716.55,218.30,56.40,0.77,-1,-1,-1
330,7,1722.94,517.84,119.78,24.28,0.89,-1,-1,-1
331,1,887.97,469.34,374.74,99.27,0.94,-1,-1,-1
331,25,182.30,567.18,98.37,22.07,0.70,-1,-1,-1
331,2,836.01,715.41,224.38,58.12,0.66,-1,-1,-1
331,7,1725.10,518.90,119.71,24.13,0.79,-1,-1,-1
331,20,219.69,541.30,62.62,17.84,0.26,-1,-1,-1
332,1,894.06,471.39,368.96,97.35,0.94,-1,-1,-1
332,25,177.98,564.75,107.54,24.46,0.74,-1,-1,-1
332,2,836.43,715.99,224.21,58.20,0.60,-1,-1,-1
332,7,1727.54,519.78,116.53,23.20,0.70,-1,-1,-1
333,1,890.64,470.17,373.99,98.68,0.95,-1,-1,-1
333,25,181.33,566.62,99.82,22.70,0.73,-1,-1,-1
333,2,836.36,716.03,224.86,58.48,0.55,-1,-1,-1
333,7,1726.01,520.16,117.03,23.16,0.43,-1,-1,-1
333,20,218.31,542.50,59.89,16.79,0.23,-1,-1,-1
334,1,890.21,470.99,374.86,99.01,0.56,-1,-1,-1
334,25,180.30,567.10,101.46,23.19,0.73,-1,-1,-1
334,2,831.17,714.38,235.26,61.73,0.69,-1,-1,-1
334,7,1723.25,519.22,124.88,24.71,0.79,-1,-1,-1
334,20,218.13,542.91,60.39,16.83,0.22,-1,-1,-1
335,1,886.79,469.54,377.08,99.87,0.95,-1,-1,-1
335,25,182.10,567.72,98.69,22.58,0.74,-1,-1,-1
335,2,833.55,714.63,230.29,60.66,0.78,-1,-1,-1
335,7,1724.56,520.13,120.43,23.75,0.58,-1,-1,-1
335,20,218.74,542.70,61.59,17.19,0.22,-1,-1,-1
336,1,881.86,467.72,384.82,102.35,0.94,-1,-1,-1
336,25,181.31,567.20,101.11,23.27,0.79,-1,-1,-1
336,2,825.78,712.48,244.44,65.16,0.47,-1,-1,-1
336,7,1724.60,518.59,123.77,24.43,0.53,-1,-1,-1
336,20,221.37,542.50,62.23,17.38,0.47,-1,-1,-1
337,1,886.12,469.87,377.31,100.50,0.93,-1,-1,-1
337,25,182.96,568.04,96.39,22.21,0.82,-1,-1,-1
337,2,825.77,712.17,244.94,65.83,0.57,-1,-1,-1
337,7,1723.05,517.75,127.30,25.22,0.49,-1,-1,-1
337,20,219.11,542.04,64.83,18.16,0.33,-1,-1,-1
338,1,884.47,469.03,375.87,100.42,0.94,-1,-1,-1
338,25,182.26,567.32,98.70,22.89,0.75,-1,-1,-1
338,2,830.15,714.02,236.08,63.62,0.75,-1,-1,-1
338,7,1724.09,518.34,124.29,24.55,0.50,-1,-1,-1
339,1,888.00,470.36,372.08,99.38,0.95,-1,-1,-1
339,25,179.42,565.85,104.04,24.42,0.78,-1,-1,-1
339,2,833.75,715.60,228.43,61.50,0.65,-1,-1,-1
339,7,1721.25,517.80,126.84,25.16,0.74,-1,-1,-1
339,4,576.65,817.78,290.05,92.10,0.37,-1,-1,-1
339,20,214.94,539.96,69.32,19.59,0.26,-1,-1,-1
340,1,891.66,471.62,366.27,97.66,0.95,-1,-1,-1
340,25,184.50,568.13,93.90,21.95,0.75,-1,-1,-1
340,2,838.37,717.29,219.71,58.84,0.27,-1,-1,-1
340,20,220.49,542.48,62.39,17.46,0.30,-1,-1,-1
341,1,890.77,472.20,363.56,96.82,0.95,-1,-1,-1
341,25,182.68,567.75,97.09,22.87,0.57,-1,-1,-1
341,2,842.22,718.68,213.39,56.69,0.71,-1,-1,-1
341,7,1726.05,518.56,123.02,24.36,0.71,-1,-1,-1
342,1,888.37,470.96,370.77,98.75,0.95,-1,-1,-1
342,25,183.32,567.69,96.27,22.78,0.57,-1,-1,-1
342,2,839.63,717.41,215.96,57.22,0.41,-1,-1,-1
342,7,1728.13,517.92,124.72,24.76,0.75,-1,-1,-1
342,4,587.00,819.74,269.57,85.43,0.38,-1,-1,-1
342,20,221.72,543.44,59.01,16.62,0.28,-1,-1,-1
343,1,890.52,473.08,364.42,96.78,0.47,-1,-1,-1
343,25,179.44,565.55,104.58,25.07,0.65,-1,-1,-1
343,2,839.11,717.66,219.78,58.10,0.50,-1,-1,-1
343,7,1725.08,516.79,130.50,26.04,0.73,-1,-1,-1
344,1,893.31,475.32,358.16,94.75,0.91,-1,-1,-1
344,25,180.73,566.48,99.91,24.05,0.56,-1,-1,-1
344,2,837.11,718.47,225.39,59.64,0.81,-1,-1,-1
344,7,1727.32,518.39,124.89,24.92,0.79,-1,-1,-1
344,20,221.45,543.03,59.72,16.98,0.28,-1,-1,-1
345,1,894.02,475.27,359.56,94.89,0.85,-1,-1,-1
345,25,180.47,566.38,99.63,24.11,0.58,-1,-1,-1
345,2,833.56,717.24,233.18,62.01,0.76,-1,-1,-1
345,7,1719.71,516.48,135.11,27.13,0.70,-1,-1,-1
346,1,886.90,470.51,376.34,99.62,0.95,-1,-1,-1
346,25,181.44,567.19,97.76,23.64,0.72,-1,-1,-1
346,2,833.01,717.91,233.01,62.13,0.78,-1,-1,-1
346,7,1723.84,517.80,131.33,26.51,0.73,-1,-1,-1
347,1,884.27,469.43,380.66,100.97,0.92,-1,-1,-1
347,25,178.34,564.97,103.89,25.39,0.71,-1,-1,-1
347,2,827.30,716.59,242.41,65.17,0.60,-1,-1,-1
347,7,1721.10,515.58,138.08,28.03,0.49,-1,-1,-1
348,1,883.58,468.68,381.13,101.46,0.59,-1,-1,-1
348,25,180.62,566.15,98.73,24.16,0.72,-1,-1,-1
348,2,826.76,717.58,240.60,64.85,0.21,-1,-1,-1
348,7,1723.23,516.96,133.55,27.12,0.74,-1,-1,-1
348,20,214.57,541.37,66.07,19.09,0.20,-1,-1,-1
349,1,888.61,469.48,374.47,99.57,0.91,-1,-1,-1
349,25,183.52,567.65,93.49,22.77,0.61,-1,-1,-1
349,7,1721.26,517.07,133.16,27.04,0.43,-1,-1,-1
349,20,217.07,541.73,62.81,18.37,0.24,-1,-1,-1
350,1,892.68,470.51,371.35,98.47,0.71,-1,-1,-1
350,25,183.01,568.02,93.41,22.67,0.77,-1,-1,-1
350,7,1727.23,517.60,129.57,26.41,0.78,-1,-1,-1
350,20,216.48,541.14,65.16,19.41,0.20,-1,-1,-1
350,2,836.04,720.78,223.65,59.91,0.63,-1,-1,-1
351,1,890.75,470.66,370.63,98.12,0.60,-1,-1,-1
351,25,183.90,568.34,92.01,22.38,0.77,-1,-1,-1
351,7,1731.92,518.37,126.54,25.81,0.77,-1,-1,-1
351,20,215.05,541.67,65.25,19.86,0.28,-1,-1,-1
351,2,839.55,723.82,218.45,58.21,0.77,-1,-1,-1
352,1,889.51,469.51,376.89,99.77,0.83,-1,-1,-1
352,25,182.75,568.71,91.64,22.24,0.68,-1,-1,-1
352,7,1727.44,518.18,131.24,26.84,0.62,-1,-1,-1
352,20,216.63,541.84,65.63,20.36,0.30,-1,-1,-1
352,2,838.76,724.25,220.71,58.66,0.73,-1,-1,-1
353,1,887.52,469.49,377.37,100.00,0.93,-1,-1,-1
353,25,182.66,568.61,92.50,22.50,0.74,-1,-1,-1
353,7,1730.52,517.75,128.55,26.41,0.77,-1,-1,-1
353,2,835.30,723.05,227.97,60.69,0.75,-1,-1,-1
354,1,885.15,469.34,379.05,100.77,0.95,-1,-1,-1
354,25,182.42,569.13,91.25,22.10,0.76,-1,-1,-1
354,7,1730.46,517.30,130.46,27.01,0.79,-1,-1,-1
354,2,834.62,722.56,228.71,60.98,0.90,-1,-1,-1
354,20,214.88,539.50,71.65,22.62,0.34,-1,-1,-1
355,1,885.37,469.27,381.60,101.62,0.88,-1,-1,-1
355,25,181.08,568.59,93.47,22.70,0.67,-1,-1,-1
355,7,1712.78,510.87,159.68,33.79,0.71,-1,-1,-1
355,2,834.31,722.35,228.28,60.93,0.90,-1,-1,-1
355,20,217.49,540.39,70.86,22.58,0.27,-1,-1,-1
356,1,891.57,472.74,366.36,97.16,0.81,-1,-1,-1
356,25,184.79,569.64,88.17,21.30,0.48,-1,-1,-1
356,7,1726.97,515.90,135.30,28.54,0.71,-1,-1,-1
356,2,835.23,722.65,228.26,61.00,0.89,-1,-1,-1
356,20,222.44,542.22,64.14,20.41,0.39,-1,-1,-1
357,1,884.84,469.50,379.42,100.88,0.94,-1,-1,-1
357,25,178.23,566.81,100.33,24.51,0.66,-1,-1,-1
357,7,1730.26,517.41,128.81,27.24,0.59,-1,-1,-1
357,2,835.50,722.59,229.58,61.41,0.84,-1,-1,-1
358,1,889.16,472.23,368.33,97.33,0.91,-1,-1,-1
358,25,180.91,567.76,96.15,23.38,0.59,-1,-1,-1
358,7,1728.00,518.81,126.15,26.51,0.36,-1,-1,-1
358,2,834.41,721.56,233.45,62.59,0.80,-1,-1,-1
358,20,217.08,539.18,67.73,21.91,0.39,-1,-1,-1
359,1,883.99,468.65,382.05,101.19,0.94,-1,-1,-1
359,25,181.97,567.91,95.45,23.31,0.47,-1,-1,-1
359,7,1731.13,519.12,123.47,26.01,0.55,-1,-1,-1
359,2,833.55,722.10,234.65,63.05,0.70,-1,-1,-1
359,20,214.05,535.05,76.31,25.55,0.36,-1,-1,-1
360,1,882.57,468.92,385.06,102.20,0.84,-1,-1,-1
360,25,180.10,566.91,99.79,24.62,0.61,-1,-1,-1
360,7,1730.06,518.33,128.02,27.21,0.61,-1,-1,-1
360,2,832.01,721.63,238.42,64.26,0.71,-1,-1,-1
360,20,210.98,533.57,79.37,27.60,0.41,-1,-1,-1
361,1,883.03,470.05,380.50,101.25,0.93,-1,-1,-1
361,25,183.02,568.92,93.00,22.79,0.81,-1,-1,-1
361,7,1733.62,520.73,120.83,25.49,0.68,-1,-1,-1
361,2,833.87,723.57,234.86,63.34,0.83,-1,-1,-1
362,1,884.43,468.33,383.54,102.22,0.59,-1,-1,-1
362,25,183.11,568.92,92.75,22.74,0.77,-1,-1,-1
362,7,1734.29,520.96,119.96,25.17,0.77,-1,-1,-1
362,2,834.38,724.18,235.01,63.46,0.75,-1,-1,-1
362,20,217.58,540.07,62.52,21.58,0.22,-1,-1,-1
363,1,884.91,468.46,384.39,102.74,0.59,-1,-1,-1
363,25,185.11,569.52,90.01,21.92,0.73,-1,-1,-1
363,7,1736.61,521.47,118.34,24.57,0.67,-1,-1,-1
363,2,835.19,725.40,233.51,63.00,0.73,-1,-1,-1
363,20,223.00,544.25,53.84,18.29,0.30,-1,-1,-1
364,1,887.66,469.67,376.87,100.69,0.62,-1,-1,-1
364,25,186.62,570.19,87.16,21.07,0.71,-1,-1,-1
364,7,1733.75,520.65,122.87,25.50,0.71,-1,-1,-1
364,2,838.40,725.81,232.76,62.60,0.41,-1,-1,-1
365,1,889.92,470.83,374.57,99.91,0.81,-1,-1,-1
365,25,185.12,569.60,89.76,21.68,0.76,-1,-1,-1
365,7,1735.76,520.14,121.75,25.13,0.70,-1,-1,-1
365,2,841.57,727.32,228.20,61.11,0.77,-1,-1,-1
365,20,223.17,544.73,52.23,17.56,0.25,-1,-1,-1
366,1,884.01,467.47,386.32,103.63,0.94,-1,-1,-1
366,25,184.50,570.31,88.18,21.16,0.67,-1,-1,-1
366,2,840.23,727.18,228.38,61.23,0.87,-1,-1,-1
367,1,880.56,467.28,389.33,105.04,0.70,-1,-1,-1
367,25,185.08,570.74,88.53,21.13,0.77,-1,-1,-1
367,2,839.32,727.75,229.36,61.50,0.87,-1,-1,-1
367,20,221.01,544.10,55.80,18.58,0.22,-1,-1,-1
368,1,881.26,467.12,386.21,104.53,0.95,-1,-1,-1
368,25,180.81,569.04,96.41,23.19,0.83,-1,-1,-1
368,2,836.41,726.11,234.69,63.16,0.86,-1,-1,-1
368,20,212.48,539.55,68.12,23.15,0.21,-1,-1,-1
369,1,883.95,467.34,383.28,103.94,0.95,-1,-1,-1
369,25,181.59,569.37,95.64,23.07,0.83,-1,-1,-1
369,2,836.41,725.49,235.66,63.57,0.80,-1,-1,-1
369,20,211.33,539.50,69.03,23.71,0.33,-1,-1,-1
370,1,885.67,467.67,378.36,102.86,0.91,-1,-1,-1
370,25,182.89,569.91,92.67,22.35,0.70,-1,-1,-1
370,2,836.99,725.84,235.40,63.63,0.85,-1,-1,-1
370,20,212.42,539.57,66.67,23.09,0.23,-1,-1,-1
371,1,895.42,473.14,361.83,97.62,0.93,-1,-1,-1
371,25,182.76,569.59,92.11,22.16,0.79,-1,-1,-1
371,2,835.55,724.68,238.61,64.64,0.72,-1,-1,-1
371,20,220.59,543.81,56.87,19.32,0.23,-1,-1,-1
372,1,896.47,473.87,363.86,97.64,0.93,-1,-1,-1
372,25,183.88,570.46,89.39,21.36,0.79,-1,-1,-1
372,2,835.69,725.66,237.99,64.53,0.75,-1,-1,-1
372,20,218.82,542.72,61.03,20.50,0.24,-1,-1,-1
373,1,881.60,466.62,392.64,105.97,0.94,-1,-1,-1
373,25,182.70,570.01,93.02,22.31,0.81,-1,-1,-1
373,2,836.35,726.15,236.74,64.36,0.31,-1,-1,-1
373,20,218.77,542.24,62.15,20.99,0.42,-1,-1,-1
374,1,890.37,471.20,373.34,100.28,0.93,-1,-1,-1
374,25,183.18,569.97,92.52,22.22,0.79,-1,-1,-1
374,2,835.97,726.20,236.50,64.31,0.76,-1,-1,-1
374,20,218.36,543.27,59.27,19.98,0.31,-1,-1,-1
374,7,1726.60,517.86,123.43,26.30,0.32,-1,-1,-1
375,1,897.07,475.26,360.54,96.09,0.93,-1,-1,-1
375,25,184.36,570.38,89.82,21.56,0.82,-1,-1,-1
375,2,836.44,727.15,234.70,63.69,0.62,-1,-1,-1
375,20,223.95,545.47,54.80,18.11,0.36,-1,-1,-1
376,1,891.00,471.89,372.22,99.22,0.80,-1,-1,-1
376,25,180.19,567.86,100.76,24.53,0.70,-1,-1,-1
376,2,833.48,727.30,240.25,65.28,0.37,-1,-1,-1
377,1,891.58,472.62,369.54,98.19,0.93,-1,-1,-1
377,25,182.61,569.11,94.46,22.94,0.81,-1,-1,-1
377,2,836.66,728.77,235.03,63.83,0.86,-1,-1,-1
378,1,883.65,469.29,384.01,102.54,0.94,-1,-1,-1
378,25,181.53,569.02,95.21,23.22,0.81,-1,-1,-1
378,2,837.36,729.08,235.54,64.01,0.74,-1,-1,-1
378,20,216.78,541.03,69.77,23.35,0.33,-1,-1,-1
379,1,888.29,471.37,376.30,100.18,0.93,-1,-1,-1
379,25,180.99,568.85,95.84,23.47,0.83,-1,-1,-1
379,2,833.28,727.47,242.58,66.20,0.43,-1,-1,-1
379,20,213.16,539.34,73.60,25.18,0.50,-1,-1,-1
379,7,1734.39,517.21,129.00,28.20,0.27,-1,-1,-1
380,1,890.45,471.31,375.40,99.79,0.95,-1,-1,-1
380,25,182.66,568.95,95.13,23.28,0.79,-1,-1,-1
380,2,833.54,727.55,241.58,66.09,0.61,-1,-1,-1
381,1,891.58,472.26,370.56,98.26,0.94,-1,-1,-1
381,25,185.06,570.52,89.35,21.81,0.82,-1,-1,-1
381,2,832.98,728.48,242.02,66.33,0.32,-1,-1,-1
381,20,216.72,541.48,65.34,22.55,0.50,-1,-1,-1
382,1,884.26,469.28,383.93,102.14,0.94,-1,-1,-1
382,25,184.91,571.05,88.29,21.55,0.84,-1,-1,-1
382,2,831.68,729.49,243.83,67.08,0.57,-1,-1,-1
382,20,213.55,540.42,68.30,24.04,0.53,-1,-1,-1
383,1,881.62,467.84,387.30,103.57,0.94,-1,-1,-1
383,25,181.92,569.74,93.26,22.98,0.82,-1,-1,-1
383,2,829.95,729.18,247.31,68.37,0.55,-1,-1,-1
383,20,213.58,540.10,68.15,24.42,0.60,-1,-1,-1
383,7,1733.40,516.62,140.92,31.65,0.52,-1,-1,-1
384,1,885.31,470.01,377.43,100.88,0.93,-1,-1,-1
384,25,183.32,570.04,90.22,22.21,0.86,-1,-1,-1
384,2,837.81,731.92,234.22,64.42,0.62,-1,-1,-1
384,20,217.77,541.64,62.66,22.35,0.35,-1,-1,-1
384,7,1737.93,518.70,131.41,29.47,0.27,-1,-1,-1
385,1,888.08,471.69,373.30,99.66,0.93,-1,-1,-1
385,25,182.38,569.92,91.47,22.51,0.79,-1,-1,-1
385,2,841.09,733.59,229.63,62.84,0.70,-1,-1,-1
385,20,212.48,539.90,68.65,24.85,0.33,-1,-1,-1
385,7,1743.05,520.64,124.54,27.80,0.51,-1,-1,-1
386,1,891.83,473.06,367.64,97.95,0.93,-1,-1,-1
386,25,183.15,570.08,90.57,22.31,0.82,-1,-1,-1
386,2,840.44,732.43,232.16,63.44,0.86,-1,-1,-1
386,20,214.98,540.69,66.30,24.21,0.50,-1,-1,-1
387,1,881.69,468.27,385.79,103.33,0.88,-1,-1,-1
387,25,184.58,571.02,87.31,21.43,0.76,-1,-1,-1
387,2,841.46,732.33,228.05,62.12,0.85,-1,-1,-1
387,20,216.22,541.14,62.54,22.91,0.58,-1,-1,-1
387,7,1743.45,520.47,127.35,28.39,0.29,-1,-1,-1
388,1,889.50,472.91,370.21,98.67,0.93,-1,-1,-1
388,25,184.61,570.46,87.57,21.50,0.75,-1,-1,-1
388,2,843.66,733.85,224.08,60.71,0.85,-1,-1,-1
388,20,218.59,541.66,59.83,21.89,0.51,-1,-1,-1
389,1,885.00,470.17,379.14,101.26,0.94,-1,-1,-1
389,25,183.74,570.31,88.31,21.75,0.74,-1,-1,-1
389,2,839.66,732.54,230.97,62.56,0.75,-1,-1,-1
389,20,217.85,540.48,62.76,23.17,0.41,-1,-1,-1
389,7,1745.68,521.03,126.99,28.33,0.43,-1,-1,-1
390,1,884.60,469.70,381.43,101.98,0.94,-1,-1,-1
390,25,182.43,569.94,90.43,22.34,0.82,-1,-1,-1
390,2,838.36,732.59,233.90,63.28,0.80,-1,-1,-1
390,20,217.68,540.68,63.36,23.28,0.39,-1,-1,-1
391,1,893.08,474.63,366.95,97.44,0.93,-1,-1,-1
391,25,185.81,571.54,84.11,20.48,0.81,-1,-1,-1
391,2,838.73,734.13,233.24,62.87,0.75,-1,-1,-1
391,20,218.65,544.41,55.53,19.74,0.25,-1,-1,-1
392,1,891.09,473.45,373.49,98.90,0.93,-1,-1,-1
392,25,183.57,570.92,88.92,21.61,0.81,-1,-1,-1
392,2,841.56,736.35,228.13,61.13,0.52,-1,-1,-1
392,20,215.33,542.61,63.93,22.67,0.39,-1,-1,-1
393,1,895.83,476.70,362.31,95.28,0.93,-1,-1,-1
393,25,182.45,571.05,89.16,21.68,0.76,-1,-1,-1
393,2,843.52,737.69,225.11,59.97,0.29,-1,-1,-1
393,20,214.48,540.85,68.09,24.49,0.44,-1,-1,-1
393,7,1745.72,521.45,124.87,27.51,0.34,-1,-1,-1
394,1,894.30,475.88,364.68,95.56,0.93,-1,-1,-1
394,25,184.01,571.79,86.78,20.98,0.73,-1,-1,-1
394,20,218.15,543.73,61.01,21.77,0.46,-1,-1,-1
395,1,892.21,474.93,368.81,96.34,0.93,-1,-1,-1
395,25,183.32,571.82,88.39,21.40,0.82,-1,-1,-1
395,20,221.62,544.83,58.10,20.54,0.42,-1,-1,-1
395,7,1747.46,521.85,123.43,27.25,0.21,-1,-1,-1
396,1,889.96,474.10,374.39,97.68,0.93,-1,-1,-1
396,25,182.93,572.03,87.95,21.20,0.82,-1,-1,-1
396,20,218.29,544.17,61.79,21.61,0.47,-1,-1,-1
396,2,835.09,733.29,243.89,65.27,0.51,-1,-1,-1
397,1,885.43,473.03,381.90,99.75,0.94,-1,-1,-1
397,25,183.11,572.24,88.45,21.36,0.83,-1,-1,-1
397,20,221.14,545.06,59.17,20.59,0.54,-1,-1,-1
397,2,835.32,733.97,244.53,65.67,0.62,-1,-1,-1
398,1,880.50,469.64,393.36,103.30,0.94,-1,-1,-1
398,25,181.82,571.55,91.55,22.21,0.82,-1,-1,-1
398,20,217.17,544.95,61.67,21.33,0.36,-1,-1,-1
398,2,832.75,733.04,250.02,67.64,0.71,-1,-1,-1
398,7,1745.57,522.34,126.57,28.07,0.30,-1,-1,-1
399,1,881.45,469.17,391.89,103.10,0.93,-1,-1,-1
399,25,181.88,571.70,90.30,21.97,0.84,-1,-1,-1
399,20,220.25,544.87,59.73,20.47,0.44,-1,-1,-1
399,2,834.40,734.24,246.95,66.99,0.40,-1,-1,-1
400,1,888.25,473.29,377.67,99.06,0.93,-1,-1,-1
400,25,181.56,571.78,90.11,21.96,0.84,-1,-1,-1
400,20,214.31,543.66,64.80,22.23,0.45,-1,-1,-1
401,1,889.99,474.03,376.23,98.46,0.93,-1,-1,-1
401,25,179.81,571.15,92.36,22.59,0.80,-1,-1,-1
401,20,212.68,542.08,66.76,22.98,0.59,-1,-1,-1
401,2,840.82,736.61,236.50,63.91,0.50,-1,-1,-1
402,1,880.73,468.76,394.57,103.91,0.93,-1,-1,-1
402,25,178.93,571.08,91.88,22.49,0.83,-1,-1,-1
402,20,214.95,543.08,64.01,21.84,0.61,-1,-1,-1
402,2,842.77,738.54,233.73,62.82,0.56,-1,-1,-1
403,1,881.34,469.18,390.68,103.14,0.93,-1,-1,-1
403,25,178.06,570.53,93.52,22.93,0.79,-1,-1,-1
403,20,216.18,541.63,67.36,23.19,0.66,-1,-1,-1
404,1,881.48,469.79,388.38,102.81,0.93,-1,-1,-1
404,25,177.39,570.30,95.15,23.44,0.81,-1,-1,-1
404,20,214.04,542.30,66.80,23.05,0.70,-1,-1,-1
404,2,840.63,739.04,236.87,63.53,0.27,-1,-1,-1
405,1,879.63,467.30,396.76,105.54,0.94,-1,-1,-1
405,25,177.63,571.09,92.12,22.63,0.86,-1,-1,-1
405,20,212.40,540.93,69.76,24.09,0.58,-1,-1,-1
405,2,842.89,739.94,234.35,62.51,0.77,-1,-1,-1
406,1,884.93,470.26,387.50,103.01,0.94,-1,-1,-1
406,25,176.10,570.16,95.22,23.46,0.82,-1,-1,-1
406,20,213.82,542.34,66.21,22.83,0.69,-1,-1,-1
406,2,844.94,740.76,230.25,60.93,0.70,-1,-1,-1
407,1,889.56,473.09,376.83,99.78,0.93,-1,-1,-1
407,25,177.76,570.61,92.25,22.72,0.82,-1,-1,-1
407,20,213.19,540.96,68.28,23.81,0.79,-1,-1,-1
407,7,1753.27,524.03,119.19,26.52,0.52,-1,-1,-1
408,1,887.68,473.00,380.21,100.59,0.94,-1,-1,-1
408,25,178.88,571.17,89.67,22.03,0.84,-1,-1,-1
408,20,215.41,542.45,63.96,22.20,0.72,-1,-1,-1
408,2,835.48,737.87,246.97,65.66,0.53,-1,-1,-1
409,1,887.79,473.92,378.49,99.86,0.94,-1,-1,-1
409,25,179.36,571.56,88.39,21.60,0.82,-1,-1,-1
409,20,216.17,542.44,66.68,23.36,0.47,-1,-1,-1
409,2,839.98,739.80,237.42,62.96,0.66,-1,-1,-1
410,1,883.37,470.74,388.25,102.72,0.93,-1,-1,-1
410,25,179.79,571.94,87.98,21.43,0.81,-1,-1,-1
410,20,217.50,543.61,62.96,21.94,0.63,-1,-1,-1
410,7,1747.98,521.48,136.05,31.05,0.26,-1,-1,-1
411,1,880.47,470.30,390.86,103.68,0.95,-1,-1,-1
411,25,181.45,572.26,86.74,20.99,0.77,-1,-1,-1
411,20,217.09,543.40,63.99,22.36,0.67,-1,-1,-1
411,7,1747.50,521.06,131.32,29.94,0.24,-1,-1,-1
411,2,841.48,741.30,235.12,62.14,0.80,-1,-1,-1
412,1,882.01,470.56,389.98,103.50,0.94,-1,-1,-1
412,25,179.43,571.06,86.82,20.98,0.57,-1,-1,-1
412,20,215.29,542.39,66.59,23.32,0.61,-1,-1,-1
412,2,840.96,741.73,238.64,62.93,0.72,-1,-1,-1
413,1,883.64,470.94,388.69,103.18,0.95,-1,-1,-1
413,25,179.01,571.17,91.04,22.10,0.73,-1,-1,-1
413,20,211.42,540.93,70.24,24.69,0.56,-1,-1,-1
413,2,840.92,742.83,239.66,63.01,0.70,-1,-1,-1
414,1,882.80,470.93,389.61,103.64,0.95,-1,-1,-1
414,25,179.75,571.91,89.32,21.57,0.77,-1,-1,-1
414,20,214.82,542.08,67.11,23.78,0.62,-1,-1,-1
414,2,836.57,740.47,246.63,65.08,0.39,-1,-1,-1
414,7,1752.27,522.15,131.30,30.10,0.36,-1,-1,-1
415,1,881.61,470.84,389.64,103.80,0.94,-1,-1,-1
415,25,178.85,571.55,91.91,22.23,0.77,-1,-1,-1
415,20,213.74,541.97,69.77,25.00,0.71,-1,-1,-1
415,2,836.77,739.93,245.56,64.95,0.44,-1,-1,-1
415,7,1747.37,521.50,136.39,31.55,0.59,-1,-1,-1
416,1,884.14,472.95,383.99,102.08,0.94,-1,-1,-1
416,25,180.08,572.59,89.25,21.48,0.82,-1,-1,-1
416,20,217.39,543.50,63.72,22.72,0.68,-1,-1,-1
416,2,841.90,742.46,238.23,62.79,0.79,-1,-1,-1
416,7,1752.01,521.26,125.28,29.18,0.22,-1,-1,-1
417,1,881.58,470.87,389.18,103.71,0.94,-1,-1,-1
417,25,179.19,572.66,89.60,21.45,0.81,-1,-1,-1
417,20,218.78,545.29,60.58,21.53,0.56,-1,-1,-1
417,2,841.44,743.93,240.17,63.14,0.60,-1,-1,-1
417,7,1747.48,518.50,134.89,31.90,0.38,-1,-1,-1
418,1,881.90,470.50,391.05,104.34,0.95,-1,-1,-1
418,25,174.89,569.94,96.93,23.38,0.47,-1,-1,-1
418,20,217.65,544.39,63.44,22.67,0.69,-1,-1,-1
418,2,845.31,745.14,233.67,61.07,0.61,-1,-1,-1
418,7,1741.29,517.69,141.75,33.86,0.29,-1,-1,-1
419,1,886.72,473.97,380.74,101.19,0.94,-1,-1,-1
419,25,176.47,570.15,94.62,22.79,0.31,-1,-1,-1
419,20,221.23,546.93,55.96,19.87,0.55,-1,-1,-1
419,2,849.33,746.54,227.00,58.88,0.61,-1,-1,-1
419,7,1754.03,519.73,128.92,30.60,0.23,-1,-1,-1
420,1,883.75,472.23,387.40,103.14,0.95,-1,-1,-1
420,25,176.88,571.70,93.76,22.56,0.81,-1,-1,-1
420,20,221.19,545.38,59.86,21.37,0.67,-1,-1,-1
420,2,850.38,747.60,224.95,57.81,0.67,-1,-1,-1
421,1,885.10,472.34,385.19,102.60,0.95,-1,-1,-1
421,25,178.24,572.33,91.45,21.88,0.84,-1,-1,-1
421,20,235.52,533.38,93.85,32.10,0.42,-1,-1,-1
421,2,848.13,747.76,230.52,58.94,0.41,-1,-1,-1
422,1,888.28,473.51,382.71,101.74,0.95,-1,-1,-1
422,25,176.90,572.49,93.17,22.24,0.73,-1,-1,-1
422,2,849.04,748.15,231.48,58.88,0.68,-1,-1,-1
423,1,885.31,471.70,388.69,103.49,0.95,-1,-1,-1
423,25,176.88,572.58,96.11,23.02,0.84,-1,-1,-1
423,2,838.38,744.52,251.89,64.44,0.30,-1,-1,-1
424,1,885.08,472.12,388.25,103.40,0.95,-1,-1,-1
424,25,175.77,572.26,97.30,23.30,0.81,-1,-1,-1
424,2,838.95,744.64,251.29,64.34,0.28,-1,-1,-1
424,20,295.16,534.09,87.59,30.29,0.42,-1,-1,-1
425,1,885.02,472.37,386.02,102.90,0.95,-1,-1,-1
425,25,177.78,573.26,94.02,22.33,0.84,-1,-1,-1
425,2,834.79,746.29,261.03,67.37,0.28,-1,-1,-1
426,1,883.60,471.88,388.13,103.63,0.94,-1,-1,-1
426,25,177.01,573.59,93.07,22.01,0.53,-1,-1,-1
426,2,841.39,747.80,251.80,65.08,0.59,-1,-1,-1
427,1,885.22,472.76,386.57,103.26,0.95,-1,-1,-1
427,25,177.62,573.73,91.68,21.55,0.86,-1,-1,-1
427,2,845.49,749.18,243.68,62.77,0.77,-1,-1,-1
428,1,890.36,476.51,375.74,99.95,0.94,-1,-1,-1
428,25,175.48,572.07,96.59,22.81,0.82,-1,-1,-1
428,2,846.79,751.32,241.18,61.85,0.66,-1,-1,-1
429,1,889.22,476.49,378.45,100.49,0.95,-1,-1,-1
429,25,174.49,571.97,97.82,23.09,0.27,-1,-1,-1
429,2,847.87,752.45,238.39,60.76,0.59,-1,-1,-1
430,1,890.07,477.61,374.42,99.12,0.95,-1,-1,-1
430,25,171.09,568.88,107.83,25.78,0.81,-1,-1,-1
431,1,887.94,476.54,378.42,100.14,0.95,-1,-1,-1
431,25,171.21,569.57,105.80,25.36,0.82,-1,-1,-1
432,1,882.14,472.71,392.89,104.36,0.95,-1,-1,-1
432,25,172.02,570.48,102.86,24.68,0.84,-1,-1,-1
432,47,222.07,545.00,60.75,22.81,0.56,-1,-1,-1
432,7,1756.94,521.39,133.53,32.52,0.21,-1,-1,-1
432,2,846.29,751.96,245.63,62.75,0.52,-1,-1,-1
433,1,882.98,473.36,391.97,104.25,0.95,-1,-1,-1
433,25,173.05,570.88,102.07,24.51,0.82,-1,-1,-1
433,47,222.97,544.47,62.37,23.38,0.62,-1,-1,-1
433,7,1759.22,522.98,133.36,33.10,0.43,-1,-1,-1
434,1,876.43,469.35,404.03,108.15,0.95,-1,-1,-1
434,25,172.73,570.92,102.56,24.67,0.80,-1,-1,-1
434,47,227.03,545.59,62.82,23.43,0.28,-1,-1,-1
434,7,1762.48,524.82,127.22,31.68,0.33,-1,-1,-1
434,2,831.84,747.24,271.26,70.47,0.22,-1,-1,-1
435,1,879.76,471.76,393.43,105.25,0.95,-1,-1,-1
435,25,170.12,569.87,106.01,25.70,0.85,-1,-1,-1
435,2,830.90,746.80,270.72,71.20,0.21,-1,-1,-1
436,1,882.05,473.47,389.34,104.24,0.95,-1,-1,-1
436,25,175.30,572.28,95.68,23.07,0.85,-1,-1,-1
436,47,228.85,548.46,53.13,19.65,0.70,-1,-1,-1
437,1,879.05,470.99,397.90,106.98,0.95,-1,-1,-1
437,25,174.60,572.19,97.19,23.38,0.73,-1,-1,-1
437,47,222.88,547.03,55.91,20.64,0.66,-1,-1,-1
437,7,1760.16,518.08,143.49,36.67,0.32,-1,-1,-1
437,2,843.50,752.10,249.55,65.76,0.61,-1,-1,-1
438,1,879.40,471.98,392.50,105.51,0.95,-1,-1,-1
438,25,174.86,572.38,94.75,22.77,0.71,-1,-1,-1
438,47,220.46,545.22,60.98,22.55,0.74,-1,-1,-1
438,2,838.56,750.60,256.36,68.08,0.25,-1,-1,-1
439,1,877.80,468.93,400.56,108.26,0.95,-1,-1,-1
439,25,174.74,572.79,95.56,22.96,0.82,-1,-1,-1
439,47,221.04,546.91,58.80,21.62,0.21,-1,-1,-1
439,2,839.20,751.46,255.50,68.29,0.56,-1,-1,-1
440,1,882.62,471.78,390.45,105.58,0.94,-1,-1,-1
440,25,178.12,574.17,90.51,21.46,0.85,-1,-1,-1
440,7,1763.58,523.44,131.60,33.90,0.51,-1,-1,-1
441,1,879.48,469.26,399.85,108.70,0.95,-1,-1,-1
441,25,173.15,571.79,97.88,23.39,0.83,-1,-1,-1
441,7,1765.52,522.22,135.34,35.05,0.43,-1,-1,-1
441,47,219.61,545.85,62.71,23.05,0.63,-1,-1,-1
441,2,836.44,750.70,260.05,70.14,0.29,-1,-1,-1
442,1,883.57,470.48,393.65,107.06,0.95,-1,-1,-1
442,25,168.62,569.63,105.81,25.69,0.34,-1,-1,-1
442,7,1766.92,524.71,129.81,33.66,0.30,-1,-1,-1
442,47,217.20,543.48,67.67,25.19,0.47,-1,-1,-1
442,2,839.83,752.13,256.55,69.51,0.35,-1,-1,-1
443,1,884.82,471.85,389.37,105.88,0.95,-1,-1,-1
443,25,171.24,571.01,99.81,24.26,0.72,-1,-1,-1
443,7,1768.41,525.15,125.09,32.31,0.24,-1,-1,-1
443,47,218.21,543.50,65.60,24.47,0.64,-1,-1,-1
443,2,840.40,753.42,255.55,69.65,0.26,-1,-1,-1
444,1,885.74,471.56,389.92,106.05,0.95,-1,-1,-1
444,25,169.13,569.66,103.63,25.48,0.77,-1,-1,-1
444,47,214.40,541.00,70.26,26.53,0.41,-1,-1,-1
445,1,882.65,470.32,393.29,107.27,0.95,-1,-1,-1
445,25,167.47,569.22,105.86,26.41,0.69,-1,-1,-1
445,47,213.58,539.59,74.08,28.50,0.66,-1,-1,-1
445,7,1768.39,523.96,128.57,33.25,0.49,-1,-1,-1
446,1,882.90,470.58,393.00,107.41,0.95,-1,-1,-1
446,25,167.36,568.83,107.40,27.07,0.74,-1,-1,-1
446,47,216.38,540.71,71.04,27.51,0.60,-1,-1,-1
447,1,886.38,472.35,384.52,104.92,0.94,-1,-1,-1
447,25,169.22,569.85,102.70,25.99,0.83,-1,-1,-1
447,47,217.12,541.79,67.82,26.35,0.66,-1,-1,-1
447,2,850.11,756.69,236.13,64.01,0.59,-1,-1,-1
447,7,1763.99,519.45,134.31,34.73,0.39,-1,-1,-1
448,1,886.03,471.19,388.64,106.24,0.95,-1,-1,-1
448,25,173.46,571.63,96.30,24.26,0.68,-1,-1,-1
448,47,221.57,545.57,60.11,22.97,0.55,-1,-1,-1
448,2,849.55,756.26,238.64,64.59,0.68,-1,-1,-1
449,1,886.08,472.06,385.82,105.46,0.95,-1,-1,-1
449,25,169.72,570.63,97.83,24.86,0.70,-1,-1,-1
449,47,220.37,544.22,64.34,24.71,0.75,-1,-1,-1
449,2,849.27,756.07,240.83,65.15,0.60,-1,-1,-1
450,1,885.19,471.68,387.97,106.14,0.95,-1,-1,-1
450,25,170.46,570.98,96.63,24.60,0.76,-1,-1,-1
450,47,220.13,542.62,66.67,25.71,0.73,-1,-1,-1
450,2,847.39,755.11,245.12,66.51,0.49,-1,-1,-1
451,1,898.00,478.52,365.74,99.28,0.94,-1,-1,-1
451,25,168.93,570.39,99.07,25.44,0.84,-1,-1,-1
451,47,220.53,546.00,61.44,23.72,0.51,-1,-1,-1
451,2,847.69,756.87,247.42,67.33,0.56,-1,-1,-1
452,1,905.27,483.71,350.43,94.15,0.93,-1,-1,-1
452,25,171.45,571.43,91.93,23.48,0.78,-1,-1,-1
452,47,223.41,548.13,55.81,21.21,0.66,-1,-1,-1
452,2,848.67,757.49,243.77,66.21,0.52,-1,-1,-1
453,1,907.30,484.81,349.79,93.17,0.94,-1,-1,-1
453,25,172.91,572.16,89.30,22.70,0.81,-1,-1,-1
453,47,223.68,548.83,53.57,20.13,0.60,-1,-1,-1
453,2,846.11,755.86,249.53,68.05,0.37,-1,-1,-1
454,1,895.91,480.36,367.31,97.61,0.94,-1,-1,-1
454,25,169.60,570.55,95.26,24.36,0.77,-1,-1,-1
454,47,221.23,548.47,57.33,21.52,0.40,-1,-1,-1
454,7,1759.26,520.46,113.10,29.51,0.47,-1,-1,-1
455,1,896.14,479.91,367.06,97.25,0.94,-1,-1,-1
455,25,170.76,570.40,95.92,24.62,0.72,-1,-1,-1
455,47,222.60,548.53,57.75,21.54,0.55,-1,-1,-1
456,1,914.62,489.54,337.53,87.74,0.94,-1,-1,-1
456,25,169.54,567.94,100.36,26.11,0.26,-1,-1,-1
456,47,219.14,544.58,65.71,24.94,0.65,-1,-1,-1
456,2,847.05,756.91,248.91,68.18,0.42,-1,-1,-1
457,1,910.11,489.90,342.81,88.30,0.95,-1,-1,-1
457,25,169.29,568.03,100.69,26.54,0.73,-1,-1,-1
457,47,214.56,543.40,69.50,26.83,0.60,-1,-1,-1
457,2,847.09,758.05,249.98,68.72,0.46,-1,-1,-1
458,1,916.39,493.73,334.39,84.93,0.93,-1,-1,-1
458,25,171.53,569.97,92.85,24.42,0.59,-1,-1,-1
458,47,216.59,542.43,68.04,26.47,0.62,-1,-1,-1
458,2,848.98,759.46,245.87,67.63,0.41,-1,-1,-1
458,7,1769.20,523.40,98.48,25.91,0.31,-1,-1,-1
459,1,901.61,487.43,359.48,91.08,0.95,-1,-1,-1
459,25,171.52,570.41,92.87,24.51,0.79,-1,-1,-1
459,47,215.99,541.69,71.32,28.22,0.71,-1,-1,-1
459,7,1759.40,521.06,112.97,30.24,0.48,-1,-1,-1
460,1,894.93,482.80,375.24,95.12,0.95,-1,-1,-1
460,25,168.87,569.86,96.34,25.62,0.74,-1,-1,-1
460,47,214.81,540.14,75.20,30.42,0.70,-1,-1,-1
460,7,1766.48,522.22,104.81,28.35,0.25,-1,-1,-1
461,1,893.87,484.22,374.59,94.64,0.94,-1,-1,-1
461,25,171.93,570.69,91.15,24.06,0.62,-1,-1,-1
461,7,1772.63,526.38,101.56,27.48,0.24,-1,-1,-1
461,2,848.28,761.26,248.76,68.48,0.22,-1,-1,-1
462,1,885.98,479.04,391.16,99.09,0.95,-1,-1,-1
462,25,169.33,570.21,96.86,25.72,0.65,-1,-1,-1
462,2,849.51,762.53,246.96,67.93,0.71,-1,-1,-1
462,47,220.64,543.16,67.36,27.23,0.31,-1,-1,-1
463,1,888.63,481.74,383.39,96.81,0.94,-1,-1,-1
463,25,165.99,568.56,102.51,27.61,0.74,-1,-1,-1
463,2,850.69,763.57,245.59,67.40,0.57,-1,-1,-1
463,53,547.17,900.19,300.17,105.12,0.47,-1,-1,-1
464,1,886.02,480.98,387.33,97.89,0.95,-1,-1,-1
464,25,169.55,570.63,97.03,26.11,0.28,-1,-1,-1
464,2,847.49,762.51,251.80,69.30,0.53,-1,-1,-1
464,53,544.70,900.87,306.20,107.31,0.45,-1,-1,-1
465,1,886.43,481.37,388.95,98.17,0.94,-1,-1,-1
465,25,169.14,569.91,101.83,27.64,0.72,-1,-1,-1
465,2,845.83,763.22,253.69,69.86,0.43,-1,-1,-1
465,53,545.26,901.57,306.29,107.43,0.40,-1,-1,-1
466,1,881.39,477.45,399.59,101.22,0.94,-1,-1,-1
466,25,167.67,569.84,102.71,28.05,0.71,-1,-1,-1
466,53,547.46,901.81,302.88,106.27,0.40,-1,-1,-1
466,47,222.34,544.12,65.60,26.67,0.41,-1,-1,-1
467,1,888.81,481.78,384.75,97.21,0.94,-1,-1,-1
467,25,168.86,570.74,99.57,27.29,0.74,-1,-1,-1
467,47,222.09,544.10,65.99,26.93,0.51,-1,-1,-1
468,1,885.07,479.19,393.10,99.49,0.94,-1,-1,-1
468,25,168.72,570.20,101.54,28.03,0.73,-1,-1,-1
468,47,222.75,543.55,64.28,26.34,0.22,-1,-1,-1
469,1,885.53,479.64,391.68,99.08,0.95,-1,-1,-1
469,25,170.70,571.02,97.57,26.95,0.80,-1,-1,-1
469,2,843.55,761.56,258.18,71.41,0.37,-1,-1,-1
470,1,892.85,483.53,379.67,95.70,0.94,-1,-1,-1
470,25,170.68,570.39,95.84,26.42,0.73,-1,-1,-1
470,2,847.11,763.27,251.06,69.32,0.62,-1,-1,-1
471,1,879.40,477.57,402.53,102.06,0.95,-1,-1,-1
471,25,173.47,572.62,89.98,24.57,0.84,-1,-1,-1
471,47,232.99,550.03,51.90,19.80,0.65,-1,-1,-1
472,1,875.61,475.13,409.89,104.58,0.95,-1,-1,-1
472,25,174.69,573.81,88.45,24.07,0.87,-1,-1,-1
472,47,233.37,550.06,54.19,19.71,0.46,-1,-1,-1
472,2,843.84,761.79,256.99,71.27,0.30,-1,-1,-1
473,1,883.85,479.69,393.03,100.12,0.95,-1,-1,-1
473,25,174.06,573.13,90.57,24.57,0.84,-1,-1,-1
474,1,884.63,480.65,389.73,99.22,0.95,-1,-1,-1
474,25,175.21,573.26,88.56,23.85,0.75,-1,-1,-1
474,53,534.83,904.35,327.41,115.97,0.22,-1,-1,-1
474,47,231.17,549.74,63.60,22.27,0.59,-1,-1,-1
475,1,889.00,482.13,383.07,97.30,0.95,-1,-1,-1
475,25,175.08,574.28,88.12,23.61,0.86,-1,-1,-1
475,53,536.22,906.63,323.60,115.36,0.27,-1,-1,-1
475,47,229.59,550.08,62.61,21.20,0.53,-1,-1,-1
476,1,882.93,479.37,393.40,100.12,0.95,-1,-1,-1
476,25,174.24,574.46,89.80,24.01,0.86,-1,-1,-1
476,53,534.55,905.42,327.09,117.59,0.48,-1,-1,-1
476,47,225.40,547.47,73.20,24.76,0.54,-1,-1,-1
477,1,878.32,477.28,402.99,103.05,0.95,-1,-1,-1
477,25,174.76,574.59,89.05,23.68,0.86,-1,-1,-1
477,53,535.57,906.18,323.03,116.80,0.37,-1,-1,-1
477,47,223.65,548.69,67.32,22.47,0.71,-1,-1,-1
478,1,875.07,474.38,410.73,105.65,0.95,-1,-1,-1
478,25,173.11,573.87,92.25,24.53,0.86,-1,-1,-1
478,53,537.79,906.75,321.74,117.25,0.56,-1,-1,-1
478,47,221.32,547.65,68.69,22.92,0.39,-1,-1,-1
479,1,882.10,478.79,395.79,101.82,0.95,-1,-1,-1
479,25,169.08,570.80,102.29,27.55,0.42,-1,-1,-1
479,53,538.69,907.20,319.50,117.06,0.63,-1,-1,-1
480,1,879.90,476.46,402.43,103.91,0.95,-1,-1,-1
480,25,168.50,570.40,102.88,28.02,0.86,-1,-1,-1
480,53,533.56,904.15,329.25,121.97,0.38,-1,-1,-1
480,47,219.22,546.47,72.53,24.50,0.70,-1,-1,-1
481,1,876.92,474.43,409.80,106.44,0.96,-1,-1,-1
481,25,172.95,572.88,96.37,26.16,0.83,-1,-1,-1
481,47,223.63,548.36,64.38,21.67,0.80,-1,-1,-1
482,1,879.33,476.56,402.13,104.76,0.95,-1,-1,-1
482,25,176.01,574.62,89.63,24.11,0.80,-1,-1,-1
482,47,226.66,549.71,58.94,19.60,0.77,-1,-1,-1
483,1,874.48,474.49,408.39,106.84,0.95,-1,-1,-1
483,25,177.89,575.99,86.21,22.94,0.76,-1,-1,-1
483,47,228.03,550.79,57.27,18.81,0.79,-1,-1,-1
484,1,873.71,472.75,412.59,108.51,0.96,-1,-1,-1
484,25,178.57,575.86,85.63,22.58,0.74,-1,-1,-1
484,47,228.62,551.26,55.73,18.06,0.77,-1,-1,-1
485,1,872.64,471.98,412.16,109.02,0.95,-1,-1,-1
485,25,175.21,575.16,87.77,23.14,0.81,-1,-1,-1
485,47,225.79,550.31,59.75,19.31,0.80,-1,-1,-1
485,53,481.21,853.78,444.18,172.49,0.34,-1,-1,-1
486,1,879.29,474.63,402.40,106.63,0.95,-1,-1,-1
486,25,174.05,574.78,88.44,23.26,0.86,-1,-1,-1
486,47,223.07,549.27,64.51,20.97,0.79,-1,-1,-1
487,1,881.73,475.07,401.31,106.56,0.95,-1,-1,-1
487,25,173.95,575.14,87.75,22.99,0.87,-1,-1,-1
487,47,223.61,549.44,64.48,20.88,0.80,-1,-1,-1
488,1,881.20,475.14,401.15,106.65,0.96,-1,-1,-1
488,25,174.44,574.97,87.32,22.76,0.86,-1,-1,-1
488,47,223.39,549.04,64.06,20.71,0.79,-1,-1,-1
489,1,882.07,475.41,399.51,106.33,0.96,-1,-1,-1
489,25,172.50,574.65,91.27,23.88,0.86,-1,-1,-1
489,47,222.24,548.70,66.54,21.71,0.80,-1,-1,-1
490,1,877.42,472.57,408.73,109.26,0.95,-1,-1,-1
490,25,174.12,574.91,87.89,22.85,0.86,-1,-1,-1
490,47,224.24,550.37,62.38,20.11,0.74,-1,-1,-1
491,1,881.99,475.63,396.44,105.85,0.95,-1,-1,-1
491,25,176.31,576.30,82.64,21.21,0.85,-1,-1,-1
491,47,227.79,551.83,55.61,17.43,0.61,-1,-1,-1
491,2,845.30,773.43,261.80,73.09,0.52,-1,-1,-1
492,1,880.96,475.03,395.76,105.85,0.95,-1,-1,-1
492,25,171.77,574.51,91.24,23.47,0.86,-1,-1,-1
492,47,221.55,548.98,66.47,21.03,0.77,-1,-1,-1
493,1,886.94,479.23,383.48,102.23,0.95,-1,-1,-1
493,25,168.59,573.20,97.64,25.33,0.85,-1,-1,-1
493,47,216.89,546.44,73.12,23.62,0.73,-1,-1,-1
494,1,885.07,476.84,390.56,104.13,0.95,-1,-1,-1
494,25,169.99,574.19,94.49,24.49,0.86,-1,-1,-1
494,47,222.12,549.19,65.81,21.08,0.74,-1,-1,-1
495,1,890.08,480.24,381.54,101.39,0.95,-1,-1,-1
495,25,171.23,574.73,92.78,24.02,0.86,-1,-1,-1
495,47,223.74,549.58,65.09,20.80,0.80,-1,-1,-1
496,1,885.35,478.08,390.08,103.55,0.95,-1,-1,-1
496,25,172.13,574.85,91.81,23.72,0.85,-1,-1,-1
496,47,224.53,549.80,62.71,19.94,0.71,-1,-1,-1
497,1,883.57,478.28,392.06,104.21,0.95,-1,-1,-1
497,25,172.95,574.88,90.64,23.36,0.87,-1,-1,-1
497,47,224.48,550.34,62.21,19.64,0.64,-1,-1,-1
498,1,882.90,477.14,392.95,104.48,0.95,-1,-1,-1
498,25,171.15,573.99,93.79,24.23,0.85,-1,-1,-1
498,47,221.87,548.89,66.46,21.18,0.78,-1,-1,-1
499,1,882.45,476.34,397.05,105.67,0.95,-1,-1,-1
499,25,172.39,575.01,89.85,23.12,0.87,-1,-1,-1
499,47,220.51,548.59,66.19,21.23,0.76,-1,-1,-1
500,1,881.50,476.47,396.25,105.64,0.94,-1,-1,-1
500,25,173.89,575.34,88.51,22.66,0.86,-1,-1,-1
500,47,222.98,548.95,64.68,20.72,0.79,-1,-1,-1
501,1,886.01,478.90,391.45,104.10,0.95,-1,-1,-1
501,25,171.65,574.75,94.36,24.21,0.84,-1,-1,-1
501,47,220.87,548.04,69.56,22.49,0.71,-1,-1,-1
502,1,891.40,481.54,381.89,101.09,0.94,-1,-1,-1
502,25,171.89,575.37,92.05,23.56,0.86,-1,-1,-1
502,47,222.71,549.11,65.83,21.27,0.74,-1,-1,-1
503,1,883.84,478.04,395.22,104.92,0.95,-1,-1,-1
503,25,169.65,574.97,95.30,24.54,0.73,-1,-1,-1
503,47,219.90,547.49,69.57,22.85,0.71,-1,-1,-1
504,1,886.53,478.61,392.32,104.18,0.95,-1,-1,-1
504,25,171.06,575.11,93.53,24.07,0.69,-1,-1,-1
504,47,219.79,547.02,70.72,23.48,0.74,-1,-1,-1
504,57,175.16,575.07,86.29,25.69,0.29,-1,-1,-1
505,1,883.55,477.88,394.29,104.74,0.96,-1,-1,-1
505,25,171.74,576.10,90.63,23.23,0.30,-1,-1,-1
505,47,220.59,547.73,69.31,23.18,0.72,-1,-1,-1
505,57,175.56,576.13,82.87,24.63,0.67,-1,-1,-1
