1,1,1043.17,365.50,384.23,114.53,0.94,-1,-1,-1
1,2,653.71,334.41,301.49,120.35,0.92,-1,-1,-1
1,3,1402.67,385.42,106.67,55.69,0.85,-1,-1,-1
1,4,217.38,625.89,614.32,127.38,0.84,-1,-1,-1
2,1,1043.35,365.86,392.85,117.12,0.53,-1,-1,-1
2,2,651.95,333.97,303.14,121.04,0.91,-1,-1,-1
2,3,1413.19,388.15,99.81,52.16,0.83,-1,-1,-1
2,4,212.59,626.73,620.68,128.73,0.83,-1,-1,-1
3,1,1041.63,364.28,390.82,116.55,0.80,-1,-1,-1
3,2,654.51,335.40,298.82,119.30,0.91,-1,-1,-1
3,3,1412.46,388.03,101.46,53.11,0.67,-1,-1,-1
3,4,188.80,626.31,666.97,138.72,0.73,-1,-1,-1
4,1,1040.45,362.98,401.11,119.76,0.93,-1,-1,-1
4,2,655.33,336.30,296.90,118.49,0.92,-1,-1,-1
4,3,1413.77,387.06,101.12,53.17,0.82,-1,-1,-1
4,4,184.89,625.85,676.30,141.11,0.72,-1,-1,-1
5,1,1041.19,364.05,391.90,117.04,0.94,-1,-1,-1
5,2,654.19,335.35,299.90,119.71,0.91,-1,-1,-1
5,3,1403.12,383.52,111.09,58.48,0.88,-1,-1,-1
5,4,170.42,626.44,702.56,147.48,0.67,-1,-1,-1
6,1,1031.80,357.33,418.71,125.65,0.93,-1,-1,-1
6,2,654.73,335.67,299.51,119.56,0.91,-1,-1,-1
6,3,1400.96,381.73,114.58,60.52,0.86,-1,-1,-1
6,4,179.52,625.41,687.78,145.08,0.76,-1,-1,-1
7,1,1039.00,361.11,407.04,122.26,0.92,-1,-1,-1
7,2,655.09,336.26,298.37,119.04,0.90,-1,-1,-1
7,3,1407.93,383.32,110.23,58.67,0.82,-1,-1,-1
7,4,205.31,626.01,638.27,134.63,0.82,-1,-1,-1
8,1,1041.70,363.27,400.16,120.31,0.93,-1,-1,-1
8,2,656.38,337.51,295.94,117.95,0.92,-1,-1,-1
8,3,1410.32,385.89,106.02,56.56,0.86,-1,-1,-1
8,4,197.77,626.76,653.87,138.60,0.74,-1,-1,-1
8,6,1821.77,369.39,38.17,16.40,0.42,-1,-1,-1
9,1,1044.49,364.50,395.05,118.79,0.93,-1,-1,-1
9,2,654.02,334.87,301.56,120.31,0.91,-1,-1,-1
9,3,1401.85,381.43,116.48,62.51,0.89,-1,-1,-1
9,4,196.23,625.86,656.77,139.89,0.75,-1,-1,-1
9,6,1819.99,369.12,41.14,17.68,0.31,-1,-1,-1
10,1,1043.69,365.20,386.25,116.12,0.94,-1,-1,-1
10,2,653.46,334.49,303.15,120.99,0.91,-1,-1,-1
10,3,1406.07,382.83,112.73,60.86,0.89,-1,-1,-1
10,4,180.66,625.84,690.51,148.52,0.66,-1,-1,-1
11,1,1043.58,364.82,384.89,115.69,0.94,-1,-1,-1
11,2,653.58,334.23,303.19,121.09,0.92,-1,-1,-1
11,3,1404.93,383.27,112.73,61.00,0.84,-1,-1,-1
11,4,199.50,625.11,651.09,140.16,0.77,-1,-1,-1
12,1,1044.66,365.46,387.56,116.48,0.59,-1,-1,-1
12,2,651.91,332.91,306.11,122.57,0.89,-1,-1,-1
12,3,1409.42,385.56,107.71,58.56,0.87,-1,-1,-1
12,4,205.26,625.74,640.75,138.25,0.75,-1,-1,-1
13,1,1041.81,363.74,389.40,117.19,0.72,-1,-1,-1
13,2,654.33,334.55,301.56,120.74,0.91,-1,-1,-1
13,3,1409.15,385.78,107.48,58.71,0.89,-1,-1,-1
13,4,227.47,625.45,599.86,128.66,0.82,-1,-1,-1
14,1,1043.36,364.89,384.10,115.57,0.93,-1,-1,-1
14,2,651.82,331.91,307.53,123.50,0.91,-1,-1,-1
14,3,1413.53,386.98,103.64,57.10,0.88,-1,-1,-1
14,4,236.02,625.86,586.29,125.11,0.81,-1,-1,-1
14,7,108.39,719.04,597.20,161.60,0.34,-1,-1,-1
15,1,1044.70,365.13,383.29,115.23,0.93,-1,-1,-1
15,2,650.05,329.23,312.03,125.85,0.91,-1,-1,-1
15,3,1412.70,386.31,104.43,57.83,0.88,-1,-1,-1
15,4,228.89,625.95,599.95,127.95,0.71,-1,-1,-1
16,1,1044.26,364.70,384.56,115.59,0.93,-1,-1,-1
16,2,649.97,329.32,311.26,126.00,0.90,-1,-1,-1
16,3,1411.25,385.23,106.22,59.21,0.89,-1,-1,-1
16,4,218.75,626.10,620.13,132.67,0.69,-1,-1,-1
17,1,1044.42,364.43,385.34,115.83,0.94,-1,-1,-1
17,2,650.65,329.17,310.17,125.97,0.91,-1,-1,-1
17,3,1412.46,385.26,105.03,58.83,0.90,-1,-1,-1
17,4,216.62,625.66,625.03,134.05,0.71,-1,-1,-1
18,1,1043.59,364.35,386.06,116.11,0.93,-1,-1,-1
18,2,650.65,328.53,310.80,126.73,0.91,-1,-1,-1
18,3,1412.59,385.82,104.21,58.53,0.88,-1,-1,-1
18,4,213.68,627.29,631.52,135.98,0.73,-1,-1,-1
19,1,1045.66,365.27,383.07,115.10,0.94,-1,-1,-1
19,2,653.18,329.96,306.45,125.10,0.90,-1,-1,-1
19,3,1413.48,385.76,103.01,58.04,0.89,-1,-1,-1
19,4,219.33,627.12,620.82,133.73,0.75,-1,-1,-1
20,1,1045.52,364.81,384.10,115.33,0.93,-1,-1,-1
20,2,657.87,334.73,296.36,120.72,0.90,-1,-1,-1
20,3,1414.55,387.27,99.63,55.94,0.86,-1,-1,-1
20,4,220.98,626.81,618.12,133.21,0.73,-1,-1,-1
20,6,1807.03,369.41,37.77,16.40,0.35,-1,-1,-1
20,7,113.53,717.11,596.26,161.36,0.30,-1,-1,-1
21,1,1047.67,366.13,381.20,114.15,0.94,-1,-1,-1
21,2,656.98,333.86,298.32,121.60,0.91,-1,-1,-1
21,3,1414.25,387.38,99.18,55.44,0.88,-1,-1,-1
21,4,228.17,627.42,605.50,130.06,0.76,-1,-1,-1
21,7,119.16,718.76,587.38,158.63,0.42,-1,-1,-1
22,1,1046.72,365.30,383.69,114.71,0.92,-1,-1,-1
22,2,656.86,333.55,298.94,121.92,0.90,-1,-1,-1
22,3,1406.28,382.15,108.67,61.12,0.88,-1,-1,-1
22,4,233.46,627.12,597.97,128.21,0.81,-1,-1,-1
22,7,117.55,717.92,590.94,159.57,0.24,-1,-1,-1
23,1,1045.67,364.80,385.77,115.22,0.94,-1,-1,-1
23,2,657.20,333.80,298.36,121.71,0.90,-1,-1,-1
23,3,1406.80,382.96,106.87,60.13,0.86,-1,-1,-1
23,4,227.47,626.36,609.04,130.81,0.81,-1,-1,-1
23,7,113.32,715.03,599.26,162.08,0.21,-1,-1,-1
24,1,1046.25,365.31,384.90,114.79,0.92,-1,-1,-1
24,2,656.52,333.14,300.40,122.51,0.91,-1,-1,-1
24,3,1405.75,381.92,107.55,60.47,0.88,-1,-1,-1
24,4,228.53,626.10,607.34,130.55,0.82,-1,-1,-1
25,1,1046.31,365.57,384.26,114.49,0.93,-1,-1,-1
25,2,654.56,331.31,304.94,124.74,0.90,-1,-1,-1
25,3,1410.88,385.56,101.68,56.89,0.85,-1,-1,-1
25,4,220.69,627.52,624.85,134.83,0.72,-1,-1,-1
25,7,111.27,714.81,598.75,162.13,0.34,-1,-1,-1
26,1,1045.81,365.80,383.88,114.28,0.92,-1,-1,-1
26,2,654.24,331.27,304.51,124.89,0.90,-1,-1,-1
26,3,1405.11,384.52,107.61,60.08,0.85,-1,-1,-1
26,4,228.94,627.52,612.40,131.98,0.75,-1,-1,-1
26,7,113.85,715.80,596.41,161.55,0.39,-1,-1,-1
27,1,1048.45,367.09,381.12,113.17,0.93,-1,-1,-1
27,2,657.83,333.86,298.53,122.36,0.90,-1,-1,-1
27,3,1402.19,382.44,113.55,63.73,0.85,-1,-1,-1
27,4,231.32,627.33,613.21,132.25,0.67,-1,-1,-1
27,7,113.23,715.54,591.87,160.67,0.28,-1,-1,-1
28,1,1048.37,366.51,383.30,113.67,0.93,-1,-1,-1
28,2,655.77,331.85,302.73,124.39,0.91,-1,-1,-1
28,3,1404.42,382.25,112.88,63.73,0.25,-1,-1,-1
28,4,226.44,626.02,625.18,135.23,0.70,-1,-1,-1
28,7,114.57,716.00,587.96,159.77,0.36,-1,-1,-1
29,1,1048.12,366.75,383.48,113.61,0.93,-1,-1,-1
29,2,654.92,330.70,304.81,125.62,0.92,-1,-1,-1
29,3,1410.96,384.04,106.13,60.09,0.88,-1,-1,-1
29,4,233.42,626.57,609.68,131.62,0.80,-1,-1,-1
29,7,117.84,717.28,582.67,158.28,0.45,-1,-1,-1
30,1,1047.69,366.17,386.24,114.36,0.93,-1,-1,-1
30,2,658.72,334.15,298.17,122.80,0.90,-1,-1,-1
30,3,1409.19,382.71,107.98,61.43,0.88,-1,-1,-1
30,4,239.09,626.32,600.63,129.57,0.79,-1,-1,-1
30,7,118.11,716.82,586.98,159.69,0.33,-1,-1,-1
31,1,1046.00,365.98,388.35,115.04,0.93,-1,-1,-1
31,2,660.61,335.80,294.73,121.20,0.90,-1,-1,-1
31,3,1406.15,383.45,110.67,63.02,0.83,-1,-1,-1
31,4,234.23,626.95,609.47,131.80,0.70,-1,-1,-1
31,7,109.93,714.64,597.86,163.61,0.22,-1,-1,-1
32,1,1044.77,364.28,393.02,116.52,0.94,-1,-1,-1
32,2,658.99,334.13,298.45,122.95,0.92,-1,-1,-1
32,3,1405.16,382.98,112.30,64.20,0.82,-1,-1,-1
32,4,232.02,626.77,613.30,133.04,0.64,-1,-1,-1
32,7,115.37,715.68,591.50,162.13,0.30,-1,-1,-1
33,1,1047.68,366.39,386.93,114.51,0.95,-1,-1,-1
33,2,660.54,336.28,293.88,120.83,0.91,-1,-1,-1
33,3,1403.95,382.72,113.15,64.83,0.79,-1,-1,-1
33,4,217.42,627.30,641.36,140.36,0.55,-1,-1,-1
34,1,1043.89,364.45,393.72,116.77,0.94,-1,-1,-1
34,2,661.80,336.84,292.68,120.25,0.91,-1,-1,-1
34,3,1402.53,382.04,115.24,66.22,0.84,-1,-1,-1
34,4,182.14,626.57,707.55,157.87,0.34,-1,-1,-1
35,1,1046.90,366.55,387.35,114.75,0.95,-1,-1,-1
35,2,662.04,336.95,292.84,120.22,0.91,-1,-1,-1
35,3,1405.36,383.94,111.09,63.88,0.77,-1,-1,-1
35,4,183.61,625.99,704.79,159.53,0.44,-1,-1,-1
36,1,1044.44,365.16,391.34,116.18,0.94,-1,-1,-1
36,2,661.78,337.15,292.62,119.99,0.91,-1,-1,-1
36,3,1408.79,384.54,106.61,61.26,0.85,-1,-1,-1
36,4,189.39,627.18,692.36,158.65,0.49,-1,-1,-1
37,1,1047.07,367.05,386.32,114.63,0.95,-1,-1,-1
37,2,660.34,334.96,296.93,121.92,0.93,-1,-1,-1
37,3,1406.88,384.62,108.66,62.32,0.92,-1,-1,-1
37,4,217.27,626.24,641.19,147.35,0.61,-1,-1,-1
37,7,118.47,714.19,585.81,161.05,0.30,-1,-1,-1
38,1,1048.35,367.77,384.14,113.94,0.95,-1,-1,-1
38,2,660.94,335.67,295.83,121.45,0.93,-1,-1,-1
38,3,1405.56,383.94,110.89,63.67,0.89,-1,-1,-1
38,4,230.10,626.33,619.52,142.73,0.66,-1,-1,-1
38,7,119.98,714.45,582.17,160.41,0.27,-1,-1,-1
39,1,1043.60,366.20,388.90,115.84,0.93,-1,-1,-1
39,2,659.99,333.82,299.66,123.14,0.71,-1,-1,-1
39,3,1405.36,383.51,112.33,64.39,0.90,-1,-1,-1
39,4,226.26,625.09,631.31,146.49,0.69,-1,-1,-1
40,1,1044.02,367.60,383.65,114.54,0.94,-1,-1,-1
40,2,659.65,333.68,299.99,123.47,0.31,-1,-1,-1
40,3,1403.03,383.79,112.45,64.36,0.53,-1,-1,-1
40,4,220.77,624.16,645.23,151.07,0.57,-1,-1,-1
41,1,1043.95,367.03,385.19,115.28,0.94,-1,-1,-1
41,2,660.79,334.45,298.82,123.17,0.94,-1,-1,-1
41,3,1408.05,387.15,106.02,60.21,0.83,-1,-1,-1
41,4,217.69,623.72,647.39,152.58,0.57,-1,-1,-1
42,1,1045.00,367.67,382.36,114.65,0.94,-1,-1,-1
42,2,660.54,333.60,299.58,123.58,0.63,-1,-1,-1
42,3,1409.64,387.56,106.55,60.30,0.85,-1,-1,-1
42,4,235.32,626.75,614.39,145.05,0.69,-1,-1,-1
43,1,1047.80,368.92,378.67,113.58,0.93,-1,-1,-1
43,2,660.62,333.18,300.30,124.21,0.81,-1,-1,-1
43,3,1406.05,385.99,110.98,62.63,0.90,-1,-1,-1
43,4,253.84,628.09,580.66,136.51,0.75,-1,-1,-1
44,1,1044.65,367.21,384.20,115.60,0.94,-1,-1,-1
44,2,660.89,334.07,298.87,123.82,0.87,-1,-1,-1
44,3,1408.19,385.91,110.25,61.99,0.85,-1,-1,-1
44,4,256.13,628.69,577.67,135.56,0.57,-1,-1,-1
45,1,1043.22,365.60,388.30,117.23,0.93,-1,-1,-1
45,2,662.83,336.02,295.14,122.34,0.90,-1,-1,-1
45,3,1410.72,388.03,106.91,59.72,0.75,-1,-1,-1
45,4,242.82,627.87,605.66,142.98,0.44,-1,-1,-1
46,1,1048.60,368.05,381.01,114.92,0.95,-1,-1,-1
46,2,660.62,333.46,299.47,124.38,0.91,-1,-1,-1
46,3,1410.37,386.78,109.20,61.08,0.67,-1,-1,-1
46,4,246.59,626.60,600.19,141.81,0.69,-1,-1,-1
47,1,1048.97,368.08,381.55,115.15,0.95,-1,-1,-1
47,2,657.39,329.89,305.87,127.59,0.87,-1,-1,-1
47,3,1413.52,387.25,105.22,58.81,0.64,-1,-1,-1
47,4,248.40,626.45,597.03,141.14,0.67,-1,-1,-1
48,1,1048.03,367.62,382.66,115.62,0.94,-1,-1,-1
48,2,660.72,332.12,300.04,125.30,0.75,-1,-1,-1
48,3,1408.55,384.03,113.38,63.71,0.86,-1,-1,-1
48,4,253.30,627.03,587.83,138.75,0.21,-1,-1,-1
49,1,1049.12,367.79,381.67,115.36,0.95,-1,-1,-1
49,2,665.20,336.30,292.55,121.83,0.93,-1,-1,-1
49,3,1408.53,384.72,113.63,64.32,0.63,-1,-1,-1
49,4,232.19,628.46,653.10,155.84,0.70,-1,-1,-1
50,1,1050.65,367.48,382.18,115.37,0.95,-1,-1,-1
50,2,664.35,335.45,294.09,122.55,0.93,-1,-1,-1
50,3,1412.64,385.35,109.11,62.15,0.86,-1,-1,-1
50,4,210.93,629.02,702.84,170.46,0.64,-1,-1,-1
51,1,1048.98,368.43,379.01,114.53,0.95,-1,-1,-1
51,2,667.66,338.80,287.35,119.37,0.93,-1,-1,-1
51,3,1414.93,385.44,107.27,61.49,0.73,-1,-1,-1
51,4,205.55,627.17,719.11,177.05,0.62,-1,-1,-1
52,1,1048.21,367.69,380.26,114.97,0.94,-1,-1,-1
52,2,668.94,340.74,284.43,117.61,0.94,-1,-1,-1
52,3,1415.19,385.97,106.40,61.32,0.88,-1,-1,-1
52,4,208.84,626.98,713.07,177.76,0.60,-1,-1,-1
53,1,1048.00,367.87,380.43,115.07,0.95,-1,-1,-1
53,2,668.45,340.04,286.51,118.19,0.93,-1,-1,-1
53,3,1414.62,385.38,105.75,61.02,0.73,-1,-1,-1
53,4,207.66,625.86,716.56,181.09,0.48,-1,-1,-1
54,1,1049.19,368.61,378.94,114.59,0.95,-1,-1,-1
54,2,668.29,340.57,287.34,118.24,0.93,-1,-1,-1
54,3,1414.19,384.42,106.57,61.80,0.28,-1,-1,-1
54,4,231.12,626.58,670.46,169.99,0.78,-1,-1,-1
55,1,1049.59,368.17,380.29,115.03,0.95,-1,-1,-1
55,2,670.09,342.40,283.69,116.15,0.94,-1,-1,-1
55,3,1414.90,385.77,104.99,60.93,0.87,-1,-1,-1
55,4,232.99,628.34,666.93,170.35,0.65,-1,-1,-1
56,1,1049.25,368.77,379.15,114.71,0.95,-1,-1,-1
56,2,668.51,340.95,287.65,117.58,0.95,-1,-1,-1
56,3,1415.92,387.48,101.50,58.48,0.89,-1,-1,-1
56,4,215.88,625.32,700.16,181.35,0.56,-1,-1,-1
57,1,1047.40,367.57,382.49,115.97,0.94,-1,-1,-1
57,2,666.97,339.62,290.18,118.59,0.93,-1,-1,-1
57,3,1416.38,386.85,102.14,58.86,0.91,-1,-1,-1
57,4,222.93,625.79,688.18,179.89,0.64,-1,-1,-1
58,1,1050.83,370.13,375.17,113.65,0.95,-1,-1,-1
58,2,666.01,339.11,291.49,119.02,0.94,-1,-1,-1
58,3,1417.23,387.81,100.53,57.71,0.91,-1,-1,-1
58,4,212.45,627.03,709.88,188.22,0.45,-1,-1,-1
59,1,1051.34,370.10,374.43,113.36,0.95,-1,-1,-1
59,2,668.14,341.13,287.47,117.08,0.93,-1,-1,-1
59,3,1415.17,386.21,103.81,59.65,0.87,-1,-1,-1
59,4,223.31,628.34,689.78,184.38,0.49,-1,-1,-1
60,1,1050.85,369.66,376.21,113.90,0.94,-1,-1,-1
60,2,666.81,340.00,289.91,118.01,0.66,-1,-1,-1
60,3,1414.25,385.36,105.43,60.74,0.83,-1,-1,-1
60,4,214.08,627.03,708.51,192.01,0.46,-1,-1,-1
61,1,1052.19,369.81,375.34,113.56,0.95,-1,-1,-1
61,2,666.28,338.94,292.21,118.93,0.93,-1,-1,-1
61,3,1414.37,386.02,105.28,60.60,0.90,-1,-1,-1
61,4,241.84,628.29,653.53,176.79,0.48,-1,-1,-1
62,1,1051.20,369.04,377.69,114.20,0.94,-1,-1,-1
62,2,666.49,339.25,291.35,118.46,0.94,-1,-1,-1
62,3,1416.65,386.96,103.53,59.64,0.90,-1,-1,-1
62,4,261.63,629.31,616.81,166.03,0.44,-1,-1,-1
63,1,1050.64,368.89,379.51,114.75,0.95,-1,-1,-1
63,2,668.71,340.78,288.89,117.07,0.92,-1,-1,-1
63,3,1416.20,387.67,102.57,58.81,0.91,-1,-1,-1
63,4,263.96,627.05,607.23,162.87,0.59,-1,-1,-1
64,1,1049.08,368.83,380.79,115.28,0.95,-1,-1,-1
64,2,667.67,340.34,290.63,117.69,0.93,-1,-1,-1
64,3,1415.90,386.72,103.72,59.57,0.81,-1,-1,-1
64,4,262.64,625.41,608.43,162.82,0.58,-1,-1,-1
65,1,1049.60,369.29,379.52,114.93,0.96,-1,-1,-1
65,2,667.03,340.40,291.09,117.65,0.94,-1,-1,-1
65,3,1414.96,386.37,105.00,60.33,0.88,-1,-1,-1
65,4,261.26,625.39,610.53,163.05,0.61,-1,-1,-1
66,1,1052.19,369.34,379.10,114.67,0.95,-1,-1,-1
66,2,666.86,339.77,293.18,118.53,0.94,-1,-1,-1
66,3,1416.22,386.64,103.14,59.31,0.83,-1,-1,-1
66,4,263.73,624.08,610.64,162.81,0.58,-1,-1,-1
67,1,1050.43,367.70,384.16,116.31,0.95,-1,-1,-1
67,2,666.15,339.19,294.36,119.12,0.94,-1,-1,-1
67,3,1415.92,385.86,104.91,60.57,0.80,-1,-1,-1
67,4,274.17,623.23,593.30,157.06,0.59,-1,-1,-1
68,1,1053.38,368.28,381.30,115.27,0.95,-1,-1,-1
68,2,667.04,339.03,294.83,119.44,0.49,-1,-1,-1
68,3,1417.91,385.86,103.80,60.19,0.78,-1,-1,-1
68,4,277.30,622.75,599.40,158.54,0.64,-1,-1,-1
68,7,161.51,712.58,603.37,166.35,0.32,-1,-1,-1
69,1,1053.63,368.43,381.25,115.21,0.95,-1,-1,-1
69,2,666.65,337.67,297.48,120.44,0.91,-1,-1,-1
69,3,1419.80,387.77,100.98,58.48,0.81,-1,-1,-1
69,4,265.82,622.34,625.03,166.06,0.55,-1,-1,-1
70,1,1058.18,368.90,380.06,114.26,0.95,-1,-1,-1
70,2,665.29,336.69,299.04,121.16,0.86,-1,-1,-1
70,3,1419.93,388.60,98.49,56.92,0.61,-1,-1,-1
70,4,278.67,623.58,597.58,157.78,0.64,-1,-1,-1
70,7,162.67,714.87,595.73,164.09,0.42,-1,-1,-1
71,1,1057.14,369.58,378.65,113.75,0.95,-1,-1,-1
71,2,663.56,335.61,300.59,121.98,0.79,-1,-1,-1
71,3,1418.91,387.49,99.70,57.61,0.50,-1,-1,-1
71,4,268.78,623.43,614.38,162.40,0.54,-1,-1,-1
71,15,1413.48,387.98,105.04,59.53,0.68,-1,-1,-1
71,7,159.16,713.13,601.40,166.26,0.26,-1,-1,-1
72,1,1056.26,369.67,378.61,113.64,0.95,-1,-1,-1
72,2,664.04,336.77,298.39,121.10,0.75,-1,-1,-1
72,3,1418.21,387.80,100.13,57.65,0.31,-1,-1,-1
72,4,266.98,623.42,619.28,163.90,0.51,-1,-1,-1
72,7,158.23,713.11,601.65,166.77,0.27,-1,-1,-1
73,1,1056.01,370.36,377.06,113.05,0.95,-1,-1,-1
73,2,662.58,334.20,303.24,123.42,0.92,-1,-1,-1
73,3,1417.73,386.40,101.92,58.83,0.32,-1,-1,-1
73,4,250.23,621.87,651.79,174.14,0.41,-1,-1,-1
74,1,1055.00,369.81,378.52,113.55,0.94,-1,-1,-1
74,2,664.69,335.07,300.89,122.58,0.92,-1,-1,-1
74,3,1415.95,387.02,103.19,59.40,0.52,-1,-1,-1
74,4,240.23,621.87,668.94,180.52,0.35,-1,-1,-1
75,1,1054.65,370.56,377.10,113.09,0.95,-1,-1,-1
75,2,666.35,336.25,298.56,121.63,0.93,-1,-1,-1
75,3,1416.46,385.41,105.40,60.98,0.85,-1,-1,-1
75,4,261.69,623.02,636.36,172.21,0.51,-1,-1,-1
76,1,1052.93,369.36,380.57,114.28,0.95,-1,-1,-1
76,2,672.80,342.26,286.53,116.06,0.94,-1,-1,-1
76,3,1419.30,387.32,102.01,59.02,0.75,-1,-1,-1
76,4,273.95,626.47,613.13,165.76,0.47,-1,-1,-1
77,1,1051.99,369.04,382.02,114.78,0.95,-1,-1,-1
77,2,670.52,339.26,292.93,118.67,0.91,-1,-1,-1
77,3,1416.61,385.55,104.73,60.72,0.87,-1,-1,-1
77,4,280.38,625.62,602.02,162.52,0.51,-1,-1,-1
78,1,1052.93,369.84,380.78,114.42,0.94,-1,-1,-1
78,2,671.09,340.33,291.40,117.93,0.28,-1,-1,-1
78,3,1416.13,384.49,105.80,61.46,0.65,-1,-1,-1
78,4,271.78,623.16,621.31,168.39,0.46,-1,-1,-1
79,1,1053.35,370.32,379.62,114.07,0.95,-1,-1,-1
79,2,671.89,342.27,288.19,116.18,0.29,-1,-1,-1
79,3,1417.59,385.74,103.52,60.10,0.85,-1,-1,-1
79,4,263.95,622.86,634.57,172.80,0.39,-1,-1,-1
79,17,672.13,343.95,286.94,115.30,0.65,-1,-1,-1
80,1,1051.37,368.79,383.30,115.41,0.95,-1,-1,-1
80,2,670.59,341.58,290.02,116.67,0.73,-1,-1,-1
80,3,1419.43,385.64,103.14,59.93,0.33,-1,-1,-1
80,4,287.46,625.50,597.62,162.07,0.43,-1,-1,-1
81,1,1053.05,369.43,379.48,114.24,0.95,-1,-1,-1
81,2,669.48,339.93,293.93,118.39,0.86,-1,-1,-1
81,3,1422.76,388.71,98.92,57.18,0.84,-1,-1,-1
81,4,296.63,626.52,580.90,156.72,0.45,-1,-1,-1
82,1,1049.42,367.17,386.60,116.83,0.95,-1,-1,-1
82,2,670.07,341.21,292.25,117.65,0.86,-1,-1,-1
82,3,1423.22,388.83,99.60,57.68,0.84,-1,-1,-1
82,4,308.89,626.60,558.25,149.42,0.62,-1,-1,-1
83,1,1050.19,367.51,384.78,116.46,0.95,-1,-1,-1
83,2,669.59,340.40,294.09,118.57,0.84,-1,-1,-1
83,3,1422.95,388.09,100.55,58.29,0.88,-1,-1,-1
83,4,321.39,627.22,534.59,141.21,0.67,-1,-1,-1
84,1,1052.38,368.79,380.02,115.01,0.95,-1,-1,-1
84,2,669.07,338.86,296.26,119.68,0.89,-1,-1,-1
84,3,1422.43,388.69,100.52,58.13,0.84,-1,-1,-1
84,4,325.11,627.30,527.97,137.78,0.64,-1,-1,-1
85,1,1054.26,370.31,375.53,113.53,0.95,-1,-1,-1
85,2,669.98,339.10,295.12,119.30,0.90,-1,-1,-1
85,3,1423.84,390.48,97.17,55.72,0.86,-1,-1,-1
85,4,330.92,625.64,522.33,134.40,0.69,-1,-1,-1
86,1,1055.16,370.90,374.86,113.28,0.95,-1,-1,-1
86,2,670.26,339.48,293.96,118.78,0.48,-1,-1,-1
86,3,1420.28,388.29,101.63,58.23,0.88,-1,-1,-1
86,4,322.46,624.33,540.27,138.02,0.63,-1,-1,-1
87,1,1056.08,371.68,373.06,112.58,0.95,-1,-1,-1
87,2,670.48,339.09,294.36,118.88,0.86,-1,-1,-1
87,3,1421.82,388.84,102.53,58.71,0.85,-1,-1,-1
87,4,317.42,626.06,548.52,139.17,0.63,-1,-1,-1
88,1,1055.37,370.76,375.75,113.39,0.95,-1,-1,-1
88,2,670.58,338.49,295.17,119.37,0.89,-1,-1,-1
88,3,1424.34,388.81,101.47,58.43,0.85,-1,-1,-1
88,4,309.60,626.67,563.22,142.45,0.58,-1,-1,-1
89,1,1055.22,370.46,377.16,113.82,0.95,-1,-1,-1
89,2,671.27,339.36,293.60,118.59,0.89,-1,-1,-1
89,3,1422.27,388.20,103.63,59.79,0.84,-1,-1,-1
89,4,301.09,626.88,580.73,146.93,0.58,-1,-1,-1
90,1,1047.30,365.99,390.58,118.50,0.94,-1,-1,-1
90,2,671.18,338.41,296.12,119.82,0.94,-1,-1,-1
90,3,1423.19,386.93,104.72,61.02,0.89,-1,-1,-1
90,4,306.54,627.81,574.41,144.98,0.66,-1,-1,-1
91,1,1049.55,367.75,384.24,116.72,0.95,-1,-1,-1
91,2,673.01,340.33,291.86,117.95,0.93,-1,-1,-1
91,3,1422.97,387.22,102.41,59.76,0.89,-1,-1,-1
91,4,297.87,628.02,590.39,149.46,0.56,-1,-1,-1
92,1,1054.61,370.40,375.95,114.00,0.95,-1,-1,-1
92,2,673.62,341.10,290.07,117.10,0.93,-1,-1,-1
92,3,1424.44,387.96,102.17,59.96,0.86,-1,-1,-1
92,4,306.20,626.88,592.28,149.38,0.82,-1,-1,-1
93,1,1052.15,369.25,380.17,115.46,0.95,-1,-1,-1
93,2,675.50,341.66,289.15,116.58,0.93,-1,-1,-1
93,3,1425.25,388.38,101.21,59.67,0.89,-1,-1,-1
93,4,304.59,627.28,605.83,152.78,0.80,-1,-1,-1
94,1,1053.57,371.09,374.95,113.92,0.95,-1,-1,-1
94,2,675.16,341.57,289.62,116.65,0.93,-1,-1,-1
94,3,1427.21,390.26,98.89,58.46,0.82,-1,-1,-1
94,4,303.84,627.82,617.75,155.96,0.71,-1,-1,-1
95,1,1053.77,371.90,372.54,113.19,0.95,-1,-1,-1
95,2,672.84,339.51,294.29,118.62,0.92,-1,-1,-1
95,3,1425.56,388.12,101.51,60.29,0.89,-1,-1,-1
95,4,297.04,627.94,635.29,161.13,0.72,-1,-1,-1
96,1,1053.63,371.62,373.09,113.49,0.95,-1,-1,-1
96,2,673.26,339.60,294.76,118.75,0.92,-1,-1,-1
96,3,1424.04,386.71,103.92,62.17,0.88,-1,-1,-1
96,4,302.46,627.99,626.47,158.98,0.74,-1,-1,-1
97,1,1052.67,370.10,376.98,114.94,0.96,-1,-1,-1
97,2,678.24,343.84,285.68,114.53,0.35,-1,-1,-1
97,3,1419.88,384.42,108.53,65.34,0.82,-1,-1,-1
97,4,279.37,626.48,672.82,172.73,0.42,-1,-1,-1
98,1,1054.36,371.05,373.94,114.08,0.96,-1,-1,-1
98,2,677.70,344.02,285.75,114.17,0.92,-1,-1,-1
98,3,1423.13,385.60,106.23,64.54,0.85,-1,-1,-1
99,1,1052.23,369.08,379.20,115.99,0.95,-1,-1,-1
99,2,679.50,344.07,286.24,114.06,0.93,-1,-1,-1
99,3,1425.18,388.23,102.31,62.33,0.86,-1,-1,-1
99,4,307.09,626.16,621.05,159.09,0.72,-1,-1,-1
100,1,1054.08,369.85,377.00,115.41,0.95,-1,-1,-1
100,2,678.89,344.19,286.21,113.75,0.93,-1,-1,-1
100,3,1424.22,388.16,102.62,62.62,0.86,-1,-1,-1
100,4,332.21,627.03,575.24,145.64,0.71,-1,-1,-1
100,7,194.75,707.09,614.65,170.96,0.20,-1,-1,-1
101,1,1056.37,371.11,374.07,114.44,0.96,-1,-1,-1
101,2,678.14,344.11,288.12,114.31,0.91,-1,-1,-1
101,3,1427.42,388.11,100.68,61.91,0.88,-1,-1,-1
101,4,313.16,626.31,610.22,154.97,0.66,-1,-1,-1
102,1,1056.55,371.16,374.81,114.65,0.96,-1,-1,-1
102,2,676.13,341.63,293.65,116.59,0.90,-1,-1,-1
102,3,1426.05,388.02,101.86,62.75,0.86,-1,-1,-1
102,4,311.75,625.07,613.01,156.01,0.60,-1,-1,-1
103,1,1053.01,367.89,383.84,117.76,0.95,-1,-1,-1
103,2,673.47,338.69,299.81,119.24,0.89,-1,-1,-1
103,3,1428.05,390.07,99.08,61.07,0.85,-1,-1,-1
103,4,316.51,625.88,603.62,153.50,0.62,-1,-1,-1
104,1,1056.56,369.54,378.84,116.21,0.96,-1,-1,-1
104,2,673.40,337.74,301.35,120.22,0.89,-1,-1,-1
104,3,1429.12,389.83,99.98,61.85,0.86,-1,-1,-1
104,4,318.94,625.68,606.91,154.31,0.53,-1,-1,-1
104,7,197.05,704.68,617.04,172.80,0.27,-1,-1,-1
105,1,1056.54,369.77,378.01,115.98,0.96,-1,-1,-1
105,2,677.79,341.12,293.56,116.92,0.92,-1,-1,-1
105,3,1429.09,389.01,98.77,61.24,0.86,-1,-1,-1
105,4,312.45,624.36,619.21,157.79,0.51,-1,-1,-1
106,1,1057.14,370.25,377.73,115.97,0.96,-1,-1,-1
106,2,675.38,339.37,297.85,118.90,0.90,-1,-1,-1
106,3,1429.28,388.57,99.28,61.70,0.84,-1,-1,-1
106,4,315.44,627.24,616.77,157.31,0.45,-1,-1,-1
107,1,1057.83,370.18,378.01,116.07,0.96,-1,-1,-1
107,2,672.21,336.50,303.59,121.70,0.91,-1,-1,-1
107,3,1432.34,388.99,98.10,61.39,0.80,-1,-1,-1
107,4,314.48,628.15,615.75,157.12,0.46,-1,-1,-1
108,1,1060.68,372.53,372.18,114.07,0.96,-1,-1,-1
108,2,676.22,339.45,296.65,118.90,0.93,-1,-1,-1
108,3,1432.04,388.90,98.40,61.73,0.86,-1,-1,-1
108,4,326.41,628.46,595.90,151.40,0.57,-1,-1,-1
109,1,1062.34,373.14,370.93,113.49,0.96,-1,-1,-1
109,2,674.97,338.82,299.29,120.20,0.90,-1,-1,-1
109,3,1430.46,386.66,100.69,63.71,0.87,-1,-1,-1
109,4,321.91,628.97,606.83,154.35,0.52,-1,-1,-1
110,1,1060.24,370.80,377.30,115.49,0.95,-1,-1,-1
110,2,674.42,338.15,301.10,121.26,0.91,-1,-1,-1
110,3,1432.39,387.18,98.26,62.66,0.86,-1,-1,-1
110,4,309.70,630.59,629.21,160.89,0.45,-1,-1,-1
111,1,1058.35,368.77,382.01,117.14,0.95,-1,-1,-1
111,2,679.15,341.19,294.05,118.35,0.93,-1,-1,-1
111,3,1431.80,388.06,97.60,62.28,0.85,-1,-1,-1
111,4,337.41,628.50,578.52,146.40,0.75,-1,-1,-1
112,1,1061.97,370.68,376.23,115.23,0.96,-1,-1,-1
112,2,680.63,342.82,290.42,116.67,0.93,-1,-1,-1
112,3,1431.04,389.80,96.36,61.12,0.86,-1,-1,-1
112,4,341.17,627.08,571.42,143.69,0.74,-1,-1,-1
113,1,1061.12,369.88,378.09,115.82,0.96,-1,-1,-1
113,2,677.99,340.35,296.07,119.17,0.93,-1,-1,-1
113,3,1431.52,389.15,96.65,61.21,0.85,-1,-1,-1
113,4,341.62,626.29,572.30,143.13,0.71,-1,-1,-1
114,1,1059.85,369.76,378.91,116.20,0.95,-1,-1,-1
114,2,676.90,338.50,299.26,120.82,0.91,-1,-1,-1
114,3,1430.67,390.17,96.55,60.75,0.83,-1,-1,-1
114,4,316.25,627.17,623.62,157.13,0.49,-1,-1,-1
115,1,1064.22,372.20,371.84,113.65,0.95,-1,-1,-1
115,2,679.86,340.40,294.32,118.91,0.91,-1,-1,-1
115,3,1432.48,391.10,94.99,59.47,0.80,-1,-1,-1
115,4,313.86,627.18,626.24,158.22,0.50,-1,-1,-1
115,19,1360.21,443.83,73.88,43.72,0.41,-1,-1,-1
116,1,1062.20,369.68,380.92,116.50,0.95,-1,-1,-1
116,2,683.16,341.72,290.50,117.16,0.91,-1,-1,-1
116,3,1435.67,392.22,91.79,57.26,0.79,-1,-1,-1
116,4,301.06,624.08,643.31,163.54,0.46,-1,-1,-1
116,19,1362.06,444.04,74.35,43.95,0.31,-1,-1,-1
117,1,1065.63,371.68,374.71,114.23,0.95,-1,-1,-1
117,2,682.08,341.14,292.61,117.99,0.90,-1,-1,-1
117,3,1443.02,393.26,85.56,53.52,0.80,-1,-1,-1
117,4,292.11,623.03,655.11,167.53,0.39,-1,-1,-1
117,19,1362.01,444.42,74.07,43.71,0.56,-1,-1,-1
118,1,1067.11,373.54,371.85,113.00,0.95,-1,-1,-1
118,2,680.18,338.70,297.11,120.09,0.91,-1,-1,-1
118,3,1439.09,392.64,89.64,55.97,0.86,-1,-1,-1
118,4,277.41,623.74,680.71,176.06,0.26,-1,-1,-1
118,19,1364.39,445.50,72.13,42.42,0.30,-1,-1,-1
119,1,1067.69,374.93,367.90,111.44,0.95,-1,-1,-1
119,2,680.00,338.19,299.01,120.96,0.91,-1,-1,-1
119,3,1433.86,390.00,95.64,59.70,0.85,-1,-1,-1
119,4,270.22,623.33,695.93,182.35,0.26,-1,-1,-1
119,19,1365.55,447.45,69.39,40.55,0.62,-1,-1,-1
119,20,1743.69,439.43,17.25,13.48,0.61,-1,-1,-1
119,21,1063.59,383.89,107.41,89.54,0.34,-1,-1,-1
120,1,1059.58,369.17,385.90,117.34,0.95,-1,-1,-1
120,2,680.89,339.09,296.82,120.16,0.90,-1,-1,-1
120,3,1432.36,388.86,97.44,60.83,0.84,-1,-1,-1
120,4,268.77,622.87,695.69,184.31,0.25,-1,-1,-1
120,19,1364.39,446.91,70.87,41.21,0.39,-1,-1,-1
120,20,1743.19,439.37,17.90,13.99,0.22,-1,-1,-1
121,1,1059.31,369.16,386.62,117.77,0.95,-1,-1,-1
121,2,681.41,338.37,298.58,121.11,0.90,-1,-1,-1
121,3,1433.68,390.43,97.24,60.57,0.84,-1,-1,-1
121,4,287.42,624.72,675.42,180.63,0.35,-1,-1,-1
122,1,1058.35,367.96,389.39,118.87,0.95,-1,-1,-1
122,2,681.17,337.13,300.82,122.41,0.90,-1,-1,-1
122,3,1432.08,388.66,100.45,62.75,0.86,-1,-1,-1
122,4,294.90,625.36,666.58,180.00,0.33,-1,-1,-1
123,1,1058.59,368.91,385.57,118.00,0.95,-1,-1,-1
123,2,680.56,336.78,301.49,123.03,0.90,-1,-1,-1
123,3,1430.39,387.61,103.05,64.49,0.88,-1,-1,-1
123,4,331.87,629.59,611.15,164.73,0.66,-1,-1,-1
124,1,1064.09,372.70,374.24,114.27,0.95,-1,-1,-1
124,2,683.53,339.78,294.92,120.18,0.90,-1,-1,-1
124,3,1430.83,388.37,102.13,63.94,0.88,-1,-1,-1
124,4,348.97,631.66,585.54,157.49,0.34,-1,-1,-1
124,21,1065.84,384.46,106.25,88.50,0.21,-1,-1,-1
125,1,1059.55,369.66,383.07,117.30,0.95,-1,-1,-1
125,2,684.99,340.49,293.95,119.72,0.90,-1,-1,-1
125,3,1430.14,387.26,103.40,64.96,0.88,-1,-1,-1
125,4,337.37,632.38,629.86,170.60,0.34,-1,-1,-1
125,19,1359.93,441.91,80.43,46.88,0.25,-1,-1,-1
126,1,1062.67,371.80,377.35,115.52,0.95,-1,-1,-1
126,2,684.50,339.82,295.64,120.50,0.90,-1,-1,-1
126,3,1431.60,388.96,101.15,63.36,0.90,-1,-1,-1
126,4,325.44,632.90,664.06,181.85,0.65,-1,-1,-1
127,1,1062.81,371.75,377.93,115.84,0.95,-1,-1,-1
127,2,685.72,340.74,294.04,119.88,0.90,-1,-1,-1
127,3,1436.70,391.87,96.08,60.15,0.88,-1,-1,-1
127,4,328.66,632.47,662.20,182.70,0.75,-1,-1,-1
128,1,1066.35,374.23,371.24,113.71,0.95,-1,-1,-1
128,2,689.21,343.45,288.48,117.31,0.89,-1,-1,-1
128,3,1440.17,392.91,92.43,57.83,0.88,-1,-1,-1
128,4,365.90,633.21,595.87,162.65,0.85,-1,-1,-1
129,1,1067.95,375.71,367.44,112.29,0.95,-1,-1,-1
129,2,687.71,341.77,292.29,118.84,0.90,-1,-1,-1
129,3,1438.90,391.60,94.53,59.29,0.90,-1,-1,-1
129,4,361.73,634.14,606.25,165.44,0.52,-1,-1,-1
130,1,1070.85,376.69,366.05,111.48,0.91,-1,-1,-1
130,2,687.73,342.04,292.42,118.80,0.90,-1,-1,-1
130,3,1439.99,393.74,92.52,57.86,0.88,-1,-1,-1
130,4,344.29,632.26,644.91,177.46,0.61,-1,-1,-1
131,1,1069.40,374.97,371.47,113.08,0.95,-1,-1,-1
131,2,688.76,342.97,291.16,118.25,0.90,-1,-1,-1
131,3,1440.93,394.43,91.01,56.70,0.86,-1,-1,-1
131,4,339.36,631.47,657.26,182.33,0.67,-1,-1,-1
132,1,1072.26,376.91,366.41,111.09,0.95,-1,-1,-1
132,2,688.69,342.47,291.71,118.36,0.89,-1,-1,-1
132,3,1442.10,395.46,89.37,55.35,0.88,-1,-1,-1
132,4,336.40,630.89,662.24,185.20,0.60,-1,-1,-1
132,21,1066.64,386.31,104.47,87.10,0.29,-1,-1,-1
133,1,1073.62,378.39,364.00,109.84,0.69,-1,-1,-1
133,2,686.43,340.41,295.78,120.40,0.92,-1,-1,-1
133,3,1442.94,397.35,87.49,53.69,0.86,-1,-1,-1
133,4,351.47,631.00,635.08,177.80,0.59,-1,-1,-1
133,21,1067.05,387.23,102.22,85.44,0.46,-1,-1,-1
134,1,1073.01,377.47,367.55,110.67,0.92,-1,-1,-1
134,2,686.94,340.85,294.79,120.16,0.90,-1,-1,-1
134,3,1441.75,397.28,89.09,54.31,0.87,-1,-1,-1
134,4,353.48,631.25,632.19,177.57,0.60,-1,-1,-1
134,21,1066.97,386.50,102.99,86.46,0.32,-1,-1,-1
135,1,1073.14,374.55,376.73,113.06,0.92,-1,-1,-1
135,2,683.84,337.70,301.36,123.55,0.88,-1,-1,-1
135,3,1436.88,394.12,97.05,59.26,0.74,-1,-1,-1
135,4,343.44,627.99,617.70,173.51,0.31,-1,-1,-1
136,1,1072.94,374.68,377.56,113.06,0.93,-1,-1,-1
136,2,685.68,339.04,297.42,122.22,0.91,-1,-1,-1
136,3,1434.98,393.17,98.78,60.25,0.75,-1,-1,-1
136,4,336.75,627.84,617.65,173.78,0.23,-1,-1,-1
137,1,1079.43,374.94,380.12,112.74,0.92,-1,-1,-1
137,2,683.91,337.35,299.92,123.75,0.91,-1,-1,-1
137,3,1434.65,394.33,99.90,60.75,0.30,-1,-1,-1
137,4,329.21,626.52,622.24,175.45,0.25,-1,-1,-1
138,1,1073.64,374.30,382.75,113.37,0.94,-1,-1,-1
138,2,686.87,339.06,296.46,122.58,0.90,-1,-1,-1
138,3,1439.34,397.03,92.91,55.96,0.83,-1,-1,-1
138,4,320.09,626.73,666.35,190.03,0.48,-1,-1,-1
139,1,1071.85,376.09,377.96,111.64,0.95,-1,-1,-1
139,2,689.26,341.06,291.53,120.51,0.90,-1,-1,-1
139,3,1442.09,397.57,89.94,53.74,0.82,-1,-1,-1
140,1,1070.27,375.70,380.29,112.16,0.94,-1,-1,-1
140,2,689.19,339.46,294.40,121.86,0.90,-1,-1,-1
140,3,1441.11,396.02,92.28,54.92,0.84,-1,-1,-1
140,4,314.41,627.20,686.64,197.96,0.30,-1,-1,-1
141,1,1071.35,376.51,378.78,111.49,0.93,-1,-1,-1
141,2,685.43,335.58,302.22,125.75,0.91,-1,-1,-1
141,3,1437.80,392.02,98.74,59.06,0.85,-1,-1,-1
141,4,311.90,625.69,692.62,201.94,0.30,-1,-1,-1
141,20,1750.75,443.08,18.00,13.45,0.73,-1,-1,-1
142,1,1069.36,376.69,378.55,111.46,0.94,-1,-1,-1
142,2,686.31,336.37,299.82,125.01,0.89,-1,-1,-1
142,3,1438.14,393.39,95.84,56.98,0.87,-1,-1,-1
142,4,321.61,625.88,680.91,200.46,0.33,-1,-1,-1
142,19,1362.74,444.84,76.71,43.95,0.64,-1,-1,-1
143,1,1071.78,375.58,382.89,112.52,0.92,-1,-1,-1
143,2,690.03,339.59,293.03,122.05,0.89,-1,-1,-1
143,3,1439.40,392.40,96.37,57.55,0.76,-1,-1,-1
143,4,332.91,627.00,667.76,198.41,0.33,-1,-1,-1
143,19,1361.20,442.64,81.14,46.49,0.41,-1,-1,-1
143,20,1751.88,443.53,17.79,12.85,0.23,-1,-1,-1
144,1,1073.34,376.93,379.29,111.19,0.92,-1,-1,-1
144,2,689.65,338.49,294.26,122.77,0.90,-1,-1,-1
144,3,1440.54,395.09,93.35,55.35,0.85,-1,-1,-1
144,4,329.54,626.08,673.42,202.19,0.29,-1,-1,-1
144,19,1361.58,443.11,80.83,45.94,0.40,-1,-1,-1
144,20,1752.01,442.85,18.61,13.28,0.48,-1,-1,-1
144,21,1068.17,384.94,104.46,88.37,0.40,-1,-1,-1
145,1,1069.34,376.61,380.14,111.69,0.95,-1,-1,-1
145,2,689.00,337.48,295.88,123.61,0.90,-1,-1,-1
145,3,1435.70,390.68,101.12,60.19,0.85,-1,-1,-1
145,4,359.95,628.41,622.10,186.26,0.60,-1,-1,-1
145,19,1358.54,439.58,85.28,49.20,0.25,-1,-1,-1
145,20,1753.25,442.89,18.51,13.04,0.71,-1,-1,-1
145,21,1068.13,384.25,105.47,89.93,0.62,-1,-1,-1
146,1,1068.77,377.39,378.98,111.45,0.93,-1,-1,-1
146,2,691.31,339.53,291.36,121.65,0.90,-1,-1,-1
146,3,1436.17,391.24,99.95,59.56,0.84,-1,-1,-1
146,4,372.56,628.74,603.11,180.31,0.64,-1,-1,-1
146,20,1752.89,442.15,19.19,13.63,0.32,-1,-1,-1
147,1,1067.54,376.71,381.26,112.35,0.54,-1,-1,-1
147,2,690.44,338.65,293.80,122.99,0.90,-1,-1,-1
147,3,1436.03,391.56,101.77,60.83,0.82,-1,-1,-1
147,4,367.29,630.07,619.66,185.87,0.34,-1,-1,-1
147,20,1754.05,441.92,18.82,13.48,0.58,-1,-1,-1
148,1,1067.24,376.36,381.39,112.57,0.85,-1,-1,-1
148,2,689.67,338.28,294.61,123.59,0.89,-1,-1,-1
148,3,1435.01,392.97,102.00,60.89,0.60,-1,-1,-1
148,4,369.37,630.50,617.85,185.61,0.35,-1,-1,-1
148,20,1754.61,442.98,17.83,12.68,0.64,-1,-1,-1
148,19,1358.51,439.77,84.13,48.97,0.30,-1,-1,-1
149,1,1065.81,374.44,385.80,114.33,0.95,-1,-1,-1
149,2,689.39,337.64,295.07,124.05,0.91,-1,-1,-1
149,3,1431.06,389.79,107.36,64.33,0.87,-1,-1,-1
149,4,373.62,631.45,613.40,184.54,0.40,-1,-1,-1
149,20,1755.36,443.10,17.55,12.52,0.51,-1,-1,-1
149,19,1358.27,439.09,84.83,49.68,0.22,-1,-1,-1
149,21,1067.71,378.86,111.00,96.32,0.23,-1,-1,-1
150,1,1065.85,375.15,380.84,113.28,0.94,-1,-1,-1
150,2,691.97,340.14,291.12,122.36,0.91,-1,-1,-1
150,3,1429.17,388.23,111.13,66.98,0.88,-1,-1,-1
150,4,376.35,629.66,607.28,182.70,0.38,-1,-1,-1
150,20,1755.08,442.10,19.21,13.91,0.68,-1,-1,-1
150,19,1360.17,442.87,79.67,46.71,0.68,-1,-1,-1
151,1,1066.02,375.43,378.29,112.91,0.94,-1,-1,-1
151,2,691.89,339.34,292.34,123.12,0.91,-1,-1,-1
151,3,1429.93,389.75,108.54,65.57,0.87,-1,-1,-1
151,4,379.20,631.02,600.04,180.24,0.31,-1,-1,-1
151,19,1359.61,442.71,79.80,47.15,0.39,-1,-1,-1
152,1,1067.00,375.99,376.31,112.63,0.87,-1,-1,-1
152,2,692.72,339.67,291.18,122.75,0.91,-1,-1,-1
152,3,1433.60,392.38,104.93,63.12,0.88,-1,-1,-1
152,4,374.51,630.43,609.42,183.61,0.21,-1,-1,-1
152,19,1362.33,446.11,74.94,43.99,0.42,-1,-1,-1
152,21,1076.91,383.70,78.93,65.08,0.24,-1,-1,-1
153,1,1066.77,376.14,376.99,113.04,0.93,-1,-1,-1
153,2,694.42,341.18,288.52,121.58,0.91,-1,-1,-1
153,3,1432.92,390.15,108.25,65.41,0.86,-1,-1,-1
153,4,375.67,630.22,603.91,181.84,0.21,-1,-1,-1
153,19,1363.93,447.98,72.81,42.40,0.42,-1,-1,-1
154,1,1067.81,377.17,377.16,113.22,0.89,-1,-1,-1
154,2,695.45,342.18,286.79,120.67,0.91,-1,-1,-1
154,3,1435.15,392.12,105.60,63.78,0.89,-1,-1,-1
154,4,369.05,631.11,618.83,187.51,0.26,-1,-1,-1
155,1,1071.41,379.66,371.17,111.22,0.92,-1,-1,-1
155,2,697.01,343.13,284.79,119.59,0.92,-1,-1,-1
155,3,1437.07,393.33,103.50,62.45,0.88,-1,-1,-1
155,20,1757.13,442.93,18.39,13.28,0.20,-1,-1,-1
156,1,1069.82,378.67,374.46,112.31,0.92,-1,-1,-1
156,2,697.43,344.19,283.71,118.89,0.91,-1,-1,-1
156,3,1440.21,397.47,98.17,58.76,0.88,-1,-1,-1
156,20,1756.78,442.23,19.20,13.96,0.22,-1,-1,-1
156,21,1070.29,383.12,41.41,24.58,0.26,-1,-1,-1
156,4,364.24,632.10,628.89,192.03,0.22,-1,-1,-1
157,1,1070.47,378.44,375.77,112.87,0.94,-1,-1,-1
157,2,697.76,344.85,285.11,119.25,0.91,-1,-1,-1
157,3,1436.77,394.07,103.31,62.03,0.89,-1,-1,-1
157,21,1065.96,386.24,93.74,56.72,0.24,-1,-1,-1
158,1,1072.68,378.75,374.59,112.61,0.92,-1,-1,-1
158,2,698.89,346.04,283.62,118.32,0.91,-1,-1,-1
158,3,1436.63,394.24,103.43,62.06,0.89,-1,-1,-1
158,21,1067.96,387.71,94.86,57.64,0.23,-1,-1,-1
159,1,1071.27,377.66,376.45,113.38,0.94,-1,-1,-1
159,2,701.22,348.80,279.91,116.23,0.90,-1,-1,-1
159,3,1435.04,391.64,106.90,64.46,0.90,-1,-1,-1
159,21,1063.84,383.97,70.94,38.03,0.22,-1,-1,-1
160,1,1072.57,378.52,373.63,112.56,0.92,-1,-1,-1
160,2,699.79,347.60,283.60,117.51,0.90,-1,-1,-1
160,3,1435.70,393.00,104.86,63.10,0.90,-1,-1,-1
161,1,1074.03,379.63,370.30,111.45,0.92,-1,-1,-1
161,2,698.28,347.19,285.04,117.98,0.90,-1,-1,-1
161,3,1434.91,391.45,106.67,64.38,0.90,-1,-1,-1
161,20,1756.88,441.61,20.71,15.17,0.27,-1,-1,-1
161,21,1067.81,389.84,91.86,49.57,0.37,-1,-1,-1
162,1,1071.29,377.40,376.48,113.58,0.93,-1,-1,-1
162,2,697.64,344.79,289.81,120.10,0.92,-1,-1,-1
162,3,1438.44,392.92,101.65,61.19,0.88,-1,-1,-1
162,4,407.78,635.20,562.99,171.13,0.34,-1,-1,-1
163,1,1074.29,380.12,369.25,111.26,0.94,-1,-1,-1
163,2,696.91,343.96,291.74,121.06,0.92,-1,-1,-1
163,3,1435.68,391.12,106.21,64.04,0.87,-1,-1,-1
163,4,411.22,635.08,556.70,168.39,0.50,-1,-1,-1
164,1,1076.77,381.72,366.21,110.08,0.94,-1,-1,-1
164,2,697.25,344.13,291.29,120.96,0.92,-1,-1,-1
164,3,1436.13,391.41,105.07,63.26,0.61,-1,-1,-1
164,4,411.78,635.08,580.47,174.96,0.75,-1,-1,-1
165,1,1075.83,381.38,367.70,110.32,0.94,-1,-1,-1
165,2,698.56,344.40,290.01,120.33,0.92,-1,-1,-1
165,3,1438.49,392.20,102.90,61.92,0.88,-1,-1,-1
165,4,407.72,634.00,595.29,179.32,0.72,-1,-1,-1
166,1,1078.14,381.98,365.88,109.51,0.94,-1,-1,-1
166,2,701.83,347.55,283.02,116.98,0.91,-1,-1,-1
166,3,1439.09,393.56,101.21,60.84,0.86,-1,-1,-1
166,4,403.96,634.95,608.41,183.52,0.53,-1,-1,-1
167,1,1077.97,381.55,367.52,109.92,0.94,-1,-1,-1
167,2,699.16,345.11,288.21,119.20,0.93,-1,-1,-1
167,3,1437.18,390.75,104.54,63.17,0.87,-1,-1,-1
167,4,401.31,634.79,614.80,185.72,0.58,-1,-1,-1
168,1,1078.05,381.74,366.70,109.47,0.93,-1,-1,-1
168,2,700.43,346.49,286.10,118.16,0.92,-1,-1,-1
168,3,1439.28,395.69,99.09,59.36,0.87,-1,-1,-1
168,4,405.47,635.10,606.34,182.89,0.62,-1,-1,-1
169,1,1080.19,383.78,362.48,107.93,0.94,-1,-1,-1
169,2,700.92,348.36,283.91,116.99,0.91,-1,-1,-1
169,3,1440.74,398.81,96.51,57.17,0.89,-1,-1,-1
169,4,412.37,634.14,594.55,178.46,0.55,-1,-1,-1
170,1,1078.95,383.57,364.70,108.39,0.94,-1,-1,-1
170,2,698.08,345.36,289.97,119.79,0.92,-1,-1,-1
170,3,1434.01,391.70,108.76,65.02,0.89,-1,-1,-1
170,4,412.34,634.88,595.27,178.16,0.54,-1,-1,-1
171,1,1077.38,382.64,369.69,109.90,0.93,-1,-1,-1
171,2,697.82,344.59,292.46,121.06,0.92,-1,-1,-1
171,3,1439.79,396.20,100.91,59.48,0.88,-1,-1,-1
171,4,407.09,632.53,607.61,182.09,0.63,-1,-1,-1
172,1,1077.14,382.27,370.13,109.92,0.93,-1,-1,-1
172,2,695.64,341.86,297.70,123.72,0.92,-1,-1,-1
172,3,1441.72,398.47,99.66,58.15,0.89,-1,-1,-1
172,4,406.15,631.30,610.44,183.07,0.62,-1,-1,-1
172,20,1761.41,445.24,16.75,12.40,0.23,-1,-1,-1
173,1,1076.55,382.25,371.30,110.21,0.94,-1,-1,-1
173,2,695.17,341.65,297.73,124.20,0.92,-1,-1,-1
173,3,1442.88,401.08,96.67,55.54,0.88,-1,-1,-1
173,4,403.91,631.05,616.08,185.11,0.53,-1,-1,-1
174,1,1077.06,382.02,372.82,110.62,0.94,-1,-1,-1
174,2,696.02,341.34,298.04,124.71,0.92,-1,-1,-1
174,3,1438.14,395.15,105.18,60.41,0.89,-1,-1,-1
174,4,398.73,632.62,631.73,191.05,0.35,-1,-1,-1
175,1,1078.19,382.20,371.43,110.04,0.93,-1,-1,-1
175,2,695.75,340.18,299.38,125.68,0.92,-1,-1,-1
175,3,1438.39,395.97,105.09,59.92,0.89,-1,-1,-1
175,4,399.81,633.06,632.25,192.20,0.35,-1,-1,-1
176,1,1075.60,382.90,372.37,110.37,0.94,-1,-1,-1
176,2,697.82,340.92,296.26,124.66,0.93,-1,-1,-1
176,3,1443.05,400.43,97.92,55.08,0.88,-1,-1,-1
176,4,414.45,633.53,610.84,185.55,0.39,-1,-1,-1
176,21,1071.08,393.27,95.49,52.27,0.27,-1,-1,-1
176,20,1761.80,447.41,17.11,12.37,0.45,-1,-1,-1
177,1,1074.78,382.10,373.71,110.79,0.92,-1,-1,-1
177,2,697.64,340.40,297.06,125.37,0.93,-1,-1,-1
177,3,1442.01,398.89,100.37,56.28,0.84,-1,-1,-1
177,4,411.83,633.85,619.12,188.79,0.33,-1,-1,-1
177,21,1070.69,392.07,95.51,53.02,0.28,-1,-1,-1
177,19,1369.60,454.71,69.61,38.34,0.23,-1,-1,-1
178,1,1075.85,383.71,370.57,109.76,0.94,-1,-1,-1
178,2,697.40,340.52,296.64,125.63,0.92,-1,-1,-1
178,3,1440.98,399.16,101.16,56.31,0.83,-1,-1,-1
178,4,421.78,634.70,602.28,183.59,0.51,-1,-1,-1
178,21,1069.97,390.55,94.49,53.01,0.23,-1,-1,-1
178,20,1762.35,445.88,18.76,13.87,0.66,-1,-1,-1
179,1,1075.79,383.84,371.12,109.95,0.94,-1,-1,-1
179,2,698.64,341.75,293.51,124.46,0.92,-1,-1,-1
179,3,1441.94,400.35,98.97,54.55,0.88,-1,-1,-1
179,4,418.48,634.55,608.96,186.15,0.42,-1,-1,-1
179,21,1071.74,392.08,91.19,51.30,0.28,-1,-1,-1
179,20,1762.33,447.00,18.03,13.02,0.53,-1,-1,-1
180,1,1076.98,384.57,369.44,109.36,0.94,-1,-1,-1
180,2,699.36,341.81,292.77,124.38,0.92,-1,-1,-1
180,3,1441.36,399.83,100.16,54.80,0.89,-1,-1,-1
180,4,425.74,634.90,595.41,181.73,0.49,-1,-1,-1
180,21,1074.34,393.35,85.72,47.60,0.25,-1,-1,-1
180,20,1761.83,446.45,18.57,13.34,0.58,-1,-1,-1
181,1,1074.91,382.94,374.27,110.83,0.93,-1,-1,-1
181,2,700.38,342.57,292.23,124.34,0.91,-1,-1,-1
181,3,1434.16,393.13,112.85,62.37,0.89,-1,-1,-1
181,4,438.28,634.58,578.50,175.63,0.60,-1,-1,-1
182,1,1074.35,381.96,376.30,111.61,0.94,-1,-1,-1
182,2,702.37,344.15,288.80,122.97,0.92,-1,-1,-1
182,3,1432.21,390.67,116.89,65.19,0.90,-1,-1,-1
182,4,440.49,635.31,578.02,174.93,0.49,-1,-1,-1
183,1,1078.96,384.83,368.63,109.02,0.94,-1,-1,-1
183,2,705.88,347.20,283.21,120.23,0.91,-1,-1,-1
183,3,1433.57,391.54,115.69,64.96,0.90,-1,-1,-1
183,4,448.78,632.55,559.06,167.57,0.59,-1,-1,-1
184,1,1079.85,385.13,367.63,108.50,0.94,-1,-1,-1
184,2,708.48,349.54,279.09,118.06,0.89,-1,-1,-1
184,3,1433.96,390.87,115.13,65.16,0.89,-1,-1,-1
184,4,448.66,632.49,558.20,166.13,0.60,-1,-1,-1
184,21,1074.99,393.65,84.72,46.76,0.28,-1,-1,-1
185,1,1080.80,385.93,365.22,107.55,0.94,-1,-1,-1
185,2,706.37,348.00,283.22,119.67,0.92,-1,-1,-1
185,3,1432.63,388.84,118.02,67.67,0.90,-1,-1,-1
185,4,440.14,632.54,571.77,169.55,0.44,-1,-1,-1
186,1,1078.68,385.74,369.34,108.75,0.93,-1,-1,-1
186,2,704.63,346.37,286.98,121.37,0.92,-1,-1,-1
186,3,1436.99,392.37,111.15,63.79,0.90,-1,-1,-1
186,4,416.50,632.06,601.49,178.29,0.31,-1,-1,-1
187,1,1079.43,386.06,368.42,108.36,0.94,-1,-1,-1
187,2,703.76,344.37,290.44,123.07,0.92,-1,-1,-1
187,3,1439.58,396.99,105.14,60.00,0.90,-1,-1,-1
187,4,407.17,630.66,614.00,181.87,0.37,-1,-1,-1
188,1,1079.99,386.65,368.34,108.20,0.93,-1,-1,-1
188,2,707.16,348.00,284.17,120.05,0.92,-1,-1,-1
188,3,1439.98,397.37,103.33,58.60,0.89,-1,-1,-1
188,4,404.09,628.08,618.69,183.47,0.52,-1,-1,-1
188,21,1068.08,393.55,61.53,28.80,0.29,-1,-1,-1
189,1,1079.93,386.65,368.66,108.23,0.93,-1,-1,-1
189,2,706.39,347.50,286.32,120.83,0.92,-1,-1,-1
189,3,1440.46,398.00,102.87,57.94,0.91,-1,-1,-1
189,4,408.25,628.81,611.63,181.29,0.43,-1,-1,-1
190,1,1079.26,386.11,372.19,109.36,0.93,-1,-1,-1
190,2,707.84,349.12,284.50,119.89,0.91,-1,-1,-1
190,3,1441.17,397.82,104.08,58.58,0.90,-1,-1,-1
190,4,415.86,633.71,608.58,180.91,0.27,-1,-1,-1
191,1,1081.61,387.58,367.57,107.84,0.93,-1,-1,-1
191,2,707.59,350.16,283.09,118.79,0.92,-1,-1,-1
191,3,1442.01,397.20,105.70,59.68,0.89,-1,-1,-1
191,4,418.31,634.08,609.36,181.72,0.32,-1,-1,-1
192,1,1083.58,388.72,363.79,106.46,0.93,-1,-1,-1
192,2,706.05,348.80,286.56,120.21,0.92,-1,-1,-1
192,3,1443.58,400.30,101.23,56.76,0.89,-1,-1,-1
192,4,420.66,634.38,606.89,181.47,0.34,-1,-1,-1
193,1,1082.20,388.39,367.10,107.37,0.93,-1,-1,-1
193,2,706.03,347.80,287.40,120.55,0.93,-1,-1,-1
193,3,1444.56,402.62,98.40,54.72,0.88,-1,-1,-1
194,1,1081.09,387.18,370.46,108.41,0.93,-1,-1,-1
194,2,707.13,350.55,283.66,118.59,0.92,-1,-1,-1
194,3,1444.16,402.35,99.66,55.25,0.89,-1,-1,-1
195,1,1080.04,386.98,371.01,108.59,0.93,-1,-1,-1
195,2,706.50,348.54,287.43,120.18,0.93,-1,-1,-1
195,3,1442.87,401.32,101.20,55.99,0.87,-1,-1,-1
195,20,1769.11,450.71,17.04,11.77,0.33,-1,-1,-1
195,21,1069.33,393.07,98.17,47.11,0.25,-1,-1,-1
196,1,1078.83,385.97,375.06,109.98,0.93,-1,-1,-1
196,2,704.87,345.69,294.71,123.62,0.94,-1,-1,-1
196,3,1443.44,402.04,100.79,55.69,0.88,-1,-1,-1
196,20,1768.37,451.29,17.00,11.58,0.36,-1,-1,-1
197,1,1079.43,386.74,372.85,109.31,0.93,-1,-1,-1
197,2,704.56,344.73,296.57,124.53,0.84,-1,-1,-1
197,3,1442.71,401.29,104.74,58.12,0.88,-1,-1,-1
197,20,1768.81,451.43,16.90,11.25,0.43,-1,-1,-1
198,1,1079.70,387.60,372.06,108.96,0.95,-1,-1,-1
198,2,703.59,342.55,301.78,127.08,0.86,-1,-1,-1
198,3,1443.40,402.77,103.58,57.38,0.88,-1,-1,-1
198,20,1769.50,450.69,17.65,11.77,0.33,-1,-1,-1
198,4,423.65,635.43,615.68,185.95,0.33,-1,-1,-1
199,1,1076.94,386.51,376.18,110.33,0.69,-1,-1,-1
199,2,701.79,341.78,303.61,128.18,0.91,-1,-1,-1
199,3,1442.61,402.23,103.51,57.21,0.86,-1,-1,-1
199,20,1770.17,450.06,18.62,12.52,0.45,-1,-1,-1
199,4,419.38,634.70,624.54,190.96,0.21,-1,-1,-1
200,1,1075.31,386.15,378.72,111.40,0.54,-1,-1,-1
200,2,705.38,344.15,297.67,125.76,0.89,-1,-1,-1
200,3,1444.34,404.08,101.31,55.83,0.87,-1,-1,-1
200,20,1770.59,449.71,18.39,12.63,0.23,-1,-1,-1
200,4,428.63,633.64,633.71,195.14,0.37,-1,-1,-1
200,21,1065.45,392.19,107.54,54.50,0.21,-1,-1,-1
201,1,1075.41,385.87,378.10,111.49,0.93,-1,-1,-1
201,2,708.59,347.00,290.75,122.37,0.84,-1,-1,-1
201,3,1445.13,404.57,101.50,55.85,0.89,-1,-1,-1
201,4,427.04,631.70,648.05,201.51,0.22,-1,-1,-1
202,1,1076.72,387.07,377.35,111.47,0.92,-1,-1,-1
202,2,713.06,353.35,279.50,116.71,0.87,-1,-1,-1
202,3,1440.27,399.13,112.63,62.86,0.88,-1,-1,-1
203,1,1075.51,386.31,380.28,112.63,0.92,-1,-1,-1
203,2,716.12,359.25,269.96,111.61,0.89,-1,-1,-1
203,3,1442.01,400.62,110.20,61.81,0.89,-1,-1,-1
204,1,1075.84,386.51,379.47,112.67,0.93,-1,-1,-1
204,2,718.31,361.93,266.58,109.14,0.92,-1,-1,-1
204,3,1442.61,401.32,108.35,61.05,0.89,-1,-1,-1
204,4,430.93,628.37,624.45,195.98,0.26,-1,-1,-1
205,1,1078.64,388.18,375.42,111.45,0.93,-1,-1,-1
205,2,718.56,364.15,265.19,107.51,0.90,-1,-1,-1
205,3,1443.35,402.60,105.30,59.33,0.88,-1,-1,-1
205,28,156.59,340.90,86.25,35.22,0.48,-1,-1,-1
205,4,443.25,631.07,598.20,188.13,0.28,-1,-1,-1
206,1,1077.94,388.01,376.71,112.00,0.92,-1,-1,-1
206,2,719.20,365.51,264.41,106.10,0.90,-1,-1,-1
206,3,1444.04,404.35,102.11,57.24,0.89,-1,-1,-1
206,28,151.63,344.17,85.69,34.88,0.25,-1,-1,-1
206,4,448.97,632.43,585.50,184.27,0.22,-1,-1,-1
207,1,1076.22,387.20,379.93,113.27,0.93,-1,-1,-1
207,2,716.98,364.95,268.40,106.87,0.88,-1,-1,-1
207,3,1442.95,402.93,104.94,58.98,0.89,-1,-1,-1
207,28,144.78,344.80,90.79,36.86,0.28,-1,-1,-1
208,1,1078.58,388.54,376.20,112.19,0.93,-1,-1,-1
208,2,715.45,364.39,272.06,107.67,0.89,-1,-1,-1
208,3,1443.14,404.12,104.49,58.67,0.90,-1,-1,-1
209,1,1077.76,387.88,377.32,112.71,0.93,-1,-1,-1
209,2,712.71,362.88,276.45,108.90,0.88,-1,-1,-1
209,3,1438.99,398.91,112.47,63.90,0.88,-1,-1,-1
210,1,1076.94,387.66,377.88,113.05,0.79,-1,-1,-1
210,2,711.49,360.74,282.28,111.05,0.91,-1,-1,-1
210,3,1442.26,402.31,106.80,60.44,0.90,-1,-1,-1
210,4,457.66,636.36,597.21,187.62,0.41,-1,-1,-1
210,28,147.83,347.54,90.28,36.24,0.23,-1,-1,-1
211,1,1077.19,387.26,377.87,113.22,0.93,-1,-1,-1
211,2,711.93,360.93,284.04,111.52,0.91,-1,-1,-1
211,3,1444.71,404.71,103.83,58.60,0.90,-1,-1,-1
211,4,461.25,637.45,594.32,186.03,0.41,-1,-1,-1
212,1,1076.74,386.30,379.58,113.97,0.93,-1,-1,-1
212,2,703.76,353.27,300.94,119.02,0.87,-1,-1,-1
212,3,1445.38,405.05,102.68,57.86,0.90,-1,-1,-1
213,1,1076.31,385.56,380.68,114.56,0.93,-1,-1,-1
213,2,704.04,352.66,300.11,119.11,0.65,-1,-1,-1
213,3,1444.35,404.00,103.57,58.37,0.90,-1,-1,-1
213,28,148.80,343.48,92.16,37.05,0.50,-1,-1,-1
214,1,1073.25,384.09,383.76,115.96,0.94,-1,-1,-1
214,2,703.72,351.73,301.60,120.29,0.86,-1,-1,-1
214,3,1445.73,406.01,100.97,56.71,0.90,-1,-1,-1
214,4,454.62,637.29,613.42,192.76,0.21,-1,-1,-1
215,1,1075.17,385.07,379.36,114.84,0.93,-1,-1,-1
215,2,701.53,348.65,307.63,123.50,0.86,-1,-1,-1
215,3,1445.17,405.43,102.28,57.35,0.89,-1,-1,-1
216,1,1073.38,383.48,383.29,116.52,0.93,-1,-1,-1
216,2,700.09,347.04,309.07,124.93,0.90,-1,-1,-1
216,3,1442.76,401.99,108.76,61.54,0.89,-1,-1,-1
217,1,1078.32,386.50,374.54,113.84,0.93,-1,-1,-1
217,2,704.90,350.97,299.77,121.20,0.86,-1,-1,-1
217,3,1445.48,405.92,101.77,57.12,0.90,-1,-1,-1
218,1,1076.11,384.83,378.55,115.35,0.93,-1,-1,-1
218,2,710.66,355.98,288.92,116.40,0.86,-1,-1,-1
218,3,1443.61,401.90,106.08,59.93,0.89,-1,-1,-1
218,28,119.54,346.47,91.60,37.51,0.31,-1,-1,-1
219,1,1074.47,383.21,383.93,117.37,0.92,-1,-1,-1
219,2,703.35,348.80,304.63,123.65,0.87,-1,-1,-1
219,3,1444.18,402.42,104.36,58.99,0.87,-1,-1,-1
219,4,451.28,633.43,628.45,199.58,0.30,-1,-1,-1
220,1,1078.49,385.91,375.62,114.86,0.93,-1,-1,-1
220,2,707.85,352.43,295.93,119.97,0.90,-1,-1,-1
220,3,1445.43,403.87,102.47,57.91,0.89,-1,-1,-1
220,4,453.28,633.78,624.59,199.89,0.27,-1,-1,-1
220,28,114.59,346.53,87.17,36.47,0.28,-1,-1,-1
221,1,1085.01,387.77,371.06,112.96,0.94,-1,-1,-1
221,2,708.63,352.95,294.78,119.60,0.88,-1,-1,-1
221,3,1443.40,403.52,104.31,59.05,0.87,-1,-1,-1
222,1,1082.39,386.92,374.29,113.95,0.93,-1,-1,-1
222,2,708.09,352.74,295.27,119.97,0.88,-1,-1,-1
222,3,1441.49,401.76,108.28,61.69,0.90,-1,-1,-1
223,1,1082.50,388.14,371.08,112.89,0.94,-1,-1,-1
223,2,708.94,352.88,295.93,120.24,0.84,-1,-1,-1
223,3,1442.54,402.18,106.14,60.62,0.89,-1,-1,-1
223,28,143.41,346.08,86.76,36.49,0.21,-1,-1,-1
224,1,1078.11,386.44,376.46,114.81,0.93,-1,-1,-1
224,2,712.99,356.51,287.45,116.36,0.89,-1,-1,-1
224,3,1445.86,405.89,99.43,56.29,0.88,-1,-1,-1
225,1,1076.90,386.10,376.98,115.30,0.93,-1,-1,-1
225,2,707.26,352.16,297.51,120.99,0.87,-1,-1,-1
225,3,1445.33,406.25,99.99,56.42,0.89,-1,-1,-1
226,1,1079.27,386.86,373.86,114.36,0.94,-1,-1,-1
226,2,708.34,352.19,296.23,120.74,0.82,-1,-1,-1
226,3,1444.41,405.85,101.44,57.23,0.88,-1,-1,-1
227,1,1082.11,388.61,368.70,112.62,0.93,-1,-1,-1
227,2,714.15,359.18,281.67,114.11,0.92,-1,-1,-1
227,3,1445.69,406.89,98.40,55.24,0.88,-1,-1,-1
228,1,1081.13,388.71,368.51,112.52,0.93,-1,-1,-1
228,2,710.16,354.23,293.10,118.93,0.86,-1,-1,-1
228,3,1445.08,406.27,98.68,55.26,0.87,-1,-1,-1
229,1,1082.62,388.84,369.11,112.56,0.94,-1,-1,-1
229,2,710.61,354.37,292.13,118.57,0.90,-1,-1,-1
229,3,1445.03,406.65,97.80,54.70,0.87,-1,-1,-1
230,1,1083.94,389.82,367.36,111.78,0.94,-1,-1,-1
230,2,712.69,357.39,285.41,115.42,0.89,-1,-1,-1
230,3,1445.93,408.02,95.40,52.94,0.87,-1,-1,-1
231,1,1081.67,389.23,369.72,112.47,0.94,-1,-1,-1
231,2,709.59,353.45,295.22,119.72,0.91,-1,-1,-1
231,3,1443.82,406.99,100.39,55.82,0.89,-1,-1,-1
232,1,1083.06,390.10,367.50,111.57,0.93,-1,-1,-1
232,2,707.37,351.43,299.66,121.88,0.91,-1,-1,-1
232,3,1441.76,404.79,105.21,58.83,0.88,-1,-1,-1
233,1,1085.39,391.80,362.72,109.68,0.94,-1,-1,-1
233,2,709.37,352.46,296.29,120.53,0.86,-1,-1,-1
233,3,1440.43,402.43,108.52,61.28,0.88,-1,-1,-1
234,1,1082.33,391.24,365.93,110.65,0.93,-1,-1,-1
234,2,711.05,354.66,290.88,118.16,0.81,-1,-1,-1
234,3,1441.59,404.54,105.58,59.82,0.88,-1,-1,-1
235,1,1080.60,390.29,369.21,111.79,0.93,-1,-1,-1
235,2,708.00,352.23,296.41,120.63,0.91,-1,-1,-1
235,3,1441.30,404.40,104.81,59.63,0.88,-1,-1,-1
235,30,1773.78,455.16,16.94,13.19,0.25,-1,-1,-1
236,1,1077.23,387.64,375.36,114.07,0.93,-1,-1,-1
236,2,707.61,351.14,298.71,121.92,0.88,-1,-1,-1
236,3,1440.04,402.58,109.49,63.00,0.89,-1,-1,-1
237,1,1080.21,389.84,367.93,111.75,0.93,-1,-1,-1
237,2,709.93,353.28,293.97,120.02,0.90,-1,-1,-1
237,3,1442.96,406.55,103.65,59.55,0.91,-1,-1,-1
237,30,1774.43,456.15,16.71,12.99,0.57,-1,-1,-1
238,1,1081.35,390.31,366.61,111.35,0.93,-1,-1,-1
238,2,706.89,350.77,299.70,122.88,0.88,-1,-1,-1
238,3,1442.59,407.35,105.50,60.90,0.91,-1,-1,-1
238,30,1773.96,455.86,16.62,12.91,0.28,-1,-1,-1
239,1,1081.27,390.03,367.49,111.66,0.93,-1,-1,-1
239,2,707.51,351.63,298.29,122.52,0.87,-1,-1,-1
239,3,1440.70,405.02,109.60,63.89,0.91,-1,-1,-1
240,1,1081.61,390.25,367.29,111.60,0.94,-1,-1,-1
240,2,708.33,352.54,296.47,122.03,0.89,-1,-1,-1
240,3,1441.25,404.68,109.46,64.32,0.92,-1,-1,-1
240,30,1773.64,456.10,16.62,12.87,0.27,-1,-1,-1
241,1,1080.43,389.36,370.40,112.67,0.93,-1,-1,-1
241,2,706.36,350.11,300.74,124.22,0.91,-1,-1,-1
241,3,1441.28,405.66,107.80,63.76,0.86,-1,-1,-1
241,30,1773.04,454.37,17.53,13.66,0.26,-1,-1,-1
242,1,1081.07,390.13,368.42,112.10,0.93,-1,-1,-1
242,2,706.97,351.34,298.34,123.28,0.92,-1,-1,-1
242,3,1442.29,406.56,105.13,62.45,0.24,-1,-1,-1
243,1,1080.88,391.28,365.93,111.29,0.92,-1,-1,-1
243,2,707.33,350.73,298.93,123.94,0.87,-1,-1,-1
243,3,1439.71,403.44,109.48,65.78,0.88,-1,-1,-1
244,1,1079.26,391.00,366.97,111.76,0.91,-1,-1,-1
244,2,708.16,350.83,297.91,123.72,0.90,-1,-1,-1
244,3,1440.97,404.23,107.62,65.09,0.90,-1,-1,-1
245,1,1078.08,389.17,371.67,113.42,0.93,-1,-1,-1
245,2,712.31,354.89,288.47,119.38,0.87,-1,-1,-1
245,3,1444.00,406.05,102.84,62.54,0.80,-1,-1,-1
246,1,1079.16,389.72,370.98,113.26,0.93,-1,-1,-1
246,2,712.69,355.22,288.97,119.56,0.89,-1,-1,-1
246,3,1444.58,408.01,100.22,60.84,0.89,-1,-1,-1
247,1,1078.11,388.81,373.43,114.23,0.92,-1,-1,-1
247,2,714.03,357.16,285.63,117.93,0.90,-1,-1,-1
247,3,1444.50,408.47,99.55,60.38,0.54,-1,-1,-1
248,1,1080.15,388.74,373.66,114.34,0.94,-1,-1,-1
248,2,713.20,355.74,288.71,119.33,0.87,-1,-1,-1
248,3,1446.38,411.12,94.08,56.38,0.88,-1,-1,-1
249,1,1077.97,386.95,378.77,116.25,0.94,-1,-1,-1
249,2,709.82,351.90,297.23,123.25,0.88,-1,-1,-1
249,3,1447.28,411.26,94.22,56.15,0.90,-1,-1,-1
249,30,1773.73,457.66,17.07,13.22,0.56,-1,-1,-1
250,1,1080.27,390.34,369.31,113.23,0.92,-1,-1,-1
250,2,713.06,355.31,289.35,119.85,0.87,-1,-1,-1
250,3,1445.24,410.54,96.69,57.44,0.90,-1,-1,-1
251,1,1078.74,388.96,372.98,114.57,0.91,-1,-1,-1
251,2,711.10,353.86,292.35,121.19,0.88,-1,-1,-1
251,3,1436.46,397.54,116.18,70.47,0.87,-1,-1,-1
251,4,421.00,636.55,736.65,248.22,0.24,-1,-1,-1
252,1,1077.54,389.20,372.13,114.55,0.93,-1,-1,-1
252,2,712.94,354.86,289.58,120.12,0.81,-1,-1,-1
252,3,1441.11,404.48,106.22,64.14,0.87,-1,-1,-1
252,4,436.25,637.94,710.73,245.25,0.28,-1,-1,-1
253,1,1080.24,390.47,367.68,113.16,0.93,-1,-1,-1
253,2,716.08,357.97,283.88,117.33,0.89,-1,-1,-1
253,3,1443.67,408.60,99.77,60.01,0.43,-1,-1,-1
253,30,1774.17,459.26,16.22,12.41,0.40,-1,-1,-1
254,1,1080.45,390.25,368.08,113.36,0.93,-1,-1,-1
254,2,716.91,360.27,279.68,115.05,0.89,-1,-1,-1
254,3,1443.94,407.50,99.92,60.25,0.81,-1,-1,-1
254,30,1773.87,459.31,16.75,12.71,0.45,-1,-1,-1
255,1,1081.47,391.85,362.82,111.63,0.92,-1,-1,-1
255,2,708.13,353.50,294.99,122.08,0.82,-1,-1,-1
255,3,1442.45,407.93,100.68,60.74,0.90,-1,-1,-1
256,1,1083.23,392.62,360.63,110.78,0.92,-1,-1,-1
256,2,711.49,355.14,291.12,120.40,0.88,-1,-1,-1
256,3,1442.19,407.94,101.06,61.15,0.83,-1,-1,-1
256,30,1774.19,459.00,17.22,13.02,0.44,-1,-1,-1
257,1,1082.28,391.84,363.41,111.58,0.92,-1,-1,-1
257,2,715.96,359.58,281.62,115.96,0.63,-1,-1,-1
257,3,1443.19,409.43,98.15,59.20,0.65,-1,-1,-1
257,30,1773.62,457.36,18.67,14.20,0.27,-1,-1,-1
258,1,1078.44,390.83,366.34,112.78,0.94,-1,-1,-1
258,2,714.15,359.78,282.54,116.13,0.91,-1,-1,-1
258,3,1441.31,406.90,102.23,62.00,0.24,-1,-1,-1
259,1,1074.87,388.15,374.38,115.76,0.94,-1,-1,-1
259,2,711.00,357.51,288.99,118.97,0.91,-1,-1,-1
259,3,1442.90,407.27,100.96,61.47,0.84,-1,-1,-1
260,1,1080.90,393.06,359.68,110.90,0.92,-1,-1,-1
260,2,712.65,359.13,286.63,117.77,0.88,-1,-1,-1
260,3,1443.48,409.73,98.14,59.55,0.89,-1,-1,-1
261,1,1083.31,395.06,353.45,108.73,0.94,-1,-1,-1
261,2,710.84,358.85,288.16,118.38,0.89,-1,-1,-1
261,3,1443.43,409.65,97.74,59.31,0.59,-1,-1,-1
262,1,1083.03,395.42,353.84,108.66,0.91,-1,-1,-1
262,2,710.39,359.79,286.07,117.56,0.92,-1,-1,-1
262,3,1443.65,411.85,96.66,58.37,0.86,-1,-1,-1
263,1,1083.16,395.93,353.20,108.26,0.89,-1,-1,-1
263,2,709.00,357.68,290.27,119.58,0.90,-1,-1,-1
263,3,1441.81,410.44,99.76,60.27,0.89,-1,-1,-1
264,1,1082.22,395.54,354.57,108.59,0.92,-1,-1,-1
264,2,712.36,359.96,284.87,117.10,0.78,-1,-1,-1
264,3,1439.36,408.26,103.31,62.62,0.89,-1,-1,-1
265,1,1080.11,396.00,352.53,107.83,0.91,-1,-1,-1
265,2,710.88,361.09,283.63,116.54,0.92,-1,-1,-1
265,3,1441.06,409.54,101.04,61.17,0.89,-1,-1,-1
265,4,455.19,643.98,665.84,232.99,0.32,-1,-1,-1
266,1,1078.05,394.84,355.79,108.85,0.80,-1,-1,-1
266,2,710.88,361.66,282.16,115.81,0.89,-1,-1,-1
266,3,1441.69,409.69,99.73,60.22,0.89,-1,-1,-1
266,4,457.55,645.13,660.50,232.83,0.36,-1,-1,-1
267,1,1077.62,395.03,355.52,108.61,0.91,-1,-1,-1
267,2,708.62,359.69,286.98,117.96,0.94,-1,-1,-1
267,3,1441.12,409.14,102.22,61.86,0.88,-1,-1,-1
267,4,450.19,646.01,666.91,237.20,0.26,-1,-1,-1
268,1,1078.50,396.09,353.94,108.00,0.88,-1,-1,-1
268,2,710.57,361.94,282.58,116.03,0.92,-1,-1,-1
268,3,1441.87,409.90,101.50,61.46,0.88,-1,-1,-1
268,4,449.94,646.51,664.91,238.01,0.30,-1,-1,-1
269,1,1075.65,394.36,359.59,109.88,0.92,-1,-1,-1
269,2,712.25,363.06,280.16,114.82,0.92,-1,-1,-1
269,3,1442.62,409.96,101.23,61.38,0.86,-1,-1,-1
269,4,450.36,645.94,664.12,239.04,0.33,-1,-1,-1
270,1,1076.54,394.74,358.85,109.59,0.93,-1,-1,-1
270,2,710.19,363.15,280.56,114.83,0.90,-1,-1,-1
270,3,1440.50,408.56,103.03,62.74,0.88,-1,-1,-1
270,4,465.81,647.54,640.48,229.71,0.43,-1,-1,-1
271,1,1073.09,392.69,364.80,111.72,0.93,-1,-1,-1
271,2,705.64,357.81,292.40,120.41,0.93,-1,-1,-1
271,3,1440.47,409.15,102.04,62.18,0.87,-1,-1,-1
271,4,468.29,647.17,639.89,229.40,0.42,-1,-1,-1
272,1,1074.82,395.13,357.30,109.30,0.91,-1,-1,-1
272,2,707.89,359.96,287.68,118.53,0.89,-1,-1,-1
272,3,1441.14,411.29,98.87,60.06,0.87,-1,-1,-1
272,4,471.84,648.10,632.97,226.52,0.56,-1,-1,-1
273,1,1072.41,393.95,360.61,110.47,0.92,-1,-1,-1
273,2,706.19,358.21,290.80,120.22,0.92,-1,-1,-1
273,3,1439.74,409.09,102.00,62.38,0.86,-1,-1,-1
273,4,470.99,648.40,632.69,225.93,0.54,-1,-1,-1
274,1,1071.07,393.81,361.81,111.07,0.93,-1,-1,-1
274,2,707.51,359.50,286.61,118.60,0.90,-1,-1,-1
274,3,1439.72,411.15,100.65,61.35,0.88,-1,-1,-1
274,4,473.28,648.19,637.09,227.39,0.36,-1,-1,-1
275,1,1071.08,393.59,362.17,111.33,0.93,-1,-1,-1
275,2,707.34,359.56,286.07,118.53,0.92,-1,-1,-1
275,3,1436.91,408.82,105.31,64.56,0.86,-1,-1,-1
275,4,474.25,647.65,639.26,228.28,0.43,-1,-1,-1
276,1,1068.82,392.56,365.18,112.63,0.92,-1,-1,-1
276,2,708.08,361.37,282.60,117.07,0.90,-1,-1,-1
276,3,1437.69,409.72,103.53,63.46,0.87,-1,-1,-1
276,4,470.99,647.26,645.22,230.66,0.32,-1,-1,-1
277,1,1070.03,393.66,361.99,111.78,0.92,-1,-1,-1
277,2,710.32,362.56,279.02,115.49,0.89,-1,-1,-1
277,3,1440.72,413.17,97.65,59.34,0.88,-1,-1,-1
278,1,1072.71,395.17,357.34,110.30,0.91,-1,-1,-1
278,2,712.57,364.59,274.94,113.56,0.89,-1,-1,-1
278,3,1440.62,413.61,98.11,59.38,0.89,-1,-1,-1
279,1,1073.30,395.43,356.09,109.87,0.91,-1,-1,-1
279,2,711.29,364.14,277.29,114.47,0.93,-1,-1,-1
279,3,1441.87,415.39,96.38,57.98,0.87,-1,-1,-1
280,1,1070.77,393.85,360.77,111.49,0.92,-1,-1,-1
280,2,711.91,364.84,276.67,113.99,0.93,-1,-1,-1
280,3,1442.03,415.43,96.99,58.24,0.88,-1,-1,-1
281,1,1074.69,396.45,353.73,109.06,0.91,-1,-1,-1
281,2,713.29,365.47,276.24,113.37,0.92,-1,-1,-1
281,3,1441.71,413.62,97.67,58.46,0.88,-1,-1,-1
282,1,1074.24,397.26,351.57,108.32,0.89,-1,-1,-1
282,2,713.22,366.49,274.85,112.38,0.86,-1,-1,-1
282,3,1440.36,413.22,99.46,59.70,0.55,-1,-1,-1
283,1,1074.25,397.55,351.36,108.26,0.90,-1,-1,-1
283,2,712.63,367.83,274.33,111.72,0.70,-1,-1,-1
283,3,1438.18,413.99,101.32,60.82,0.64,-1,-1,-1
283,30,1769.99,464.35,17.78,13.19,0.24,-1,-1,-1
284,1,1068.09,394.03,362.44,112.24,0.92,-1,-1,-1
284,2,709.92,365.12,280.58,114.30,0.91,-1,-1,-1
284,3,1436.50,414.02,101.50,60.90,0.87,-1,-1,-1
284,30,1769.60,464.51,17.13,12.53,0.20,-1,-1,-1
285,1,1073.37,397.86,351.31,108.45,0.90,-1,-1,-1
285,2,713.37,367.58,276.09,111.84,0.70,-1,-1,-1
285,3,1435.57,414.42,102.99,61.83,0.88,-1,-1,-1
285,30,1769.63,464.06,17.00,12.59,0.25,-1,-1,-1
286,1,1073.50,398.69,349.51,107.61,0.90,-1,-1,-1
286,2,712.28,369.20,275.64,111.27,0.22,-1,-1,-1
286,3,1434.47,413.96,104.16,62.72,0.88,-1,-1,-1
287,1,1072.00,398.07,352.00,108.25,0.91,-1,-1,-1
287,2,708.77,366.04,283.95,114.73,0.90,-1,-1,-1
287,3,1433.42,413.29,105.46,63.77,0.88,-1,-1,-1
288,1,1066.75,394.40,362.53,111.87,0.93,-1,-1,-1
288,2,708.96,366.39,283.52,114.43,0.89,-1,-1,-1
288,3,1434.47,414.79,103.43,62.50,0.88,-1,-1,-1
289,1,1069.23,396.08,358.42,110.67,0.90,-1,-1,-1
289,2,707.87,365.90,284.82,115.02,0.89,-1,-1,-1
289,3,1435.13,414.22,102.75,62.24,0.88,-1,-1,-1
290,1,1070.50,396.85,355.22,109.57,0.89,-1,-1,-1
290,2,710.03,364.93,287.99,115.85,0.91,-1,-1,-1
290,3,1434.77,411.87,102.35,62.22,0.89,-1,-1,-1
290,30,1770.33,463.95,18.54,13.68,0.51,-1,-1,-1
291,1,1072.77,399.48,348.77,107.18,0.89,-1,-1,-1
291,2,702.27,360.16,296.82,120.04,0.90,-1,-1,-1
291,3,1435.28,414.97,100.39,60.80,0.88,-1,-1,-1
292,1,1069.05,396.83,356.60,109.70,0.91,-1,-1,-1
292,2,699.06,361.34,292.25,117.92,0.86,-1,-1,-1
292,3,1434.13,413.34,103.33,62.88,0.89,-1,-1,-1
292,36,1066.28,403.00,111.77,94.14,0.40,-1,-1,-1
293,1,1071.81,399.79,348.96,106.91,0.90,-1,-1,-1
293,2,703.76,363.83,287.48,115.94,0.87,-1,-1,-1
293,3,1434.53,413.48,102.68,62.57,0.89,-1,-1,-1
293,36,1067.87,405.93,108.54,91.42,0.55,-1,-1,-1
294,1,1069.88,399.54,351.65,107.53,0.92,-1,-1,-1
294,2,703.08,362.90,289.55,117.10,0.87,-1,-1,-1
294,3,1434.33,412.94,103.08,63.15,0.89,-1,-1,-1
294,36,1065.69,404.52,110.24,92.93,0.53,-1,-1,-1
295,1,1063.72,395.18,364.09,111.79,0.93,-1,-1,-1
295,2,697.87,360.62,294.11,119.20,0.89,-1,-1,-1
295,3,1431.92,411.24,105.32,64.89,0.89,-1,-1,-1
295,36,1061.85,399.52,115.39,97.73,0.40,-1,-1,-1
296,1,1068.63,398.84,353.38,107.98,0.90,-1,-1,-1
296,2,705.22,365.68,282.07,114.08,0.86,-1,-1,-1
296,3,1435.59,414.74,99.55,61.17,0.87,-1,-1,-1
296,36,1065.41,404.16,110.60,93.46,0.55,-1,-1,-1
297,1,1069.33,400.07,352.54,107.39,0.92,-1,-1,-1
297,2,704.29,366.96,280.31,113.04,0.86,-1,-1,-1
297,3,1435.51,415.72,99.73,61.09,0.90,-1,-1,-1
298,1,1068.04,399.84,354.90,108.01,0.92,-1,-1,-1
298,2,705.19,369.60,276.64,110.96,0.72,-1,-1,-1
298,3,1435.53,416.32,99.05,60.54,0.89,-1,-1,-1
299,1,1070.48,401.61,350.22,106.19,0.91,-1,-1,-1
299,2,707.10,370.44,276.33,110.54,0.93,-1,-1,-1
299,3,1435.47,417.25,97.95,59.66,0.88,-1,-1,-1
300,1,1071.82,402.40,348.47,105.20,0.91,-1,-1,-1
300,3,1434.02,415.36,100.06,61.06,0.88,-1,-1,-1
301,1,1064.23,399.25,360.17,109.05,0.92,-1,-1,-1
301,3,1434.46,415.47,98.59,60.12,0.87,-1,-1,-1
301,30,1766.85,465.23,16.16,12.16,0.23,-1,-1,-1
301,2,710.12,374.65,268.75,106.47,0.92,-1,-1,-1
302,1,1064.99,400.74,356.11,107.69,0.91,-1,-1,-1
302,3,1433.10,414.99,99.31,60.39,0.88,-1,-1,-1
302,30,1763.16,460.05,20.22,15.98,0.24,-1,-1,-1
302,2,710.32,374.22,270.87,106.75,0.93,-1,-1,-1
303,1,1066.08,402.14,354.13,106.93,0.90,-1,-1,-1
303,3,1434.25,415.51,99.36,60.28,0.88,-1,-1,-1
303,2,709.69,372.10,275.70,108.37,0.77,-1,-1,-1
303,4,486.69,654.53,605.73,210.39,0.24,-1,-1,-1
304,1,1060.58,398.00,366.84,111.21,0.92,-1,-1,-1
304,3,1434.53,416.57,98.27,59.39,0.88,-1,-1,-1
304,2,707.63,370.79,279.88,109.73,0.43,-1,-1,-1
304,4,483.66,654.49,617.01,210.80,0.27,-1,-1,-1
305,1,1057.07,395.35,374.15,114.02,0.93,-1,-1,-1
305,3,1432.19,415.58,101.13,60.98,0.89,-1,-1,-1
305,2,708.98,372.03,278.56,108.78,0.90,-1,-1,-1
305,4,479.62,654.39,624.03,211.32,0.26,-1,-1,-1
306,1,1058.03,395.90,371.75,113.64,0.92,-1,-1,-1
306,3,1432.80,416.45,100.53,60.52,0.88,-1,-1,-1
306,2,706.79,372.46,279.43,108.72,0.94,-1,-1,-1
306,39,396.64,335.63,73.13,36.77,0.23,-1,-1,-1
307,1,1062.62,398.57,362.52,110.71,0.91,-1,-1,-1
307,3,1428.47,413.45,105.33,63.35,0.88,-1,-1,-1
307,2,707.03,373.12,278.90,108.21,0.93,-1,-1,-1
307,4,464.87,653.72,648.06,218.62,0.21,-1,-1,-1
308,1,1061.24,398.50,361.77,110.59,0.92,-1,-1,-1
308,3,1430.60,414.32,101.54,60.77,0.89,-1,-1,-1
308,2,706.01,371.65,281.47,109.21,0.59,-1,-1,-1
308,36,1065.26,403.88,113.45,95.44,0.29,-1,-1,-1
309,1,1058.21,396.51,366.74,112.47,0.93,-1,-1,-1
309,3,1431.17,415.35,100.66,60.11,0.89,-1,-1,-1
309,2,704.03,369.96,285.59,111.06,0.89,-1,-1,-1
309,39,400.22,338.51,71.82,36.22,0.22,-1,-1,-1
310,1,1062.15,400.05,357.26,109.32,0.91,-1,-1,-1
310,3,1432.28,416.92,97.78,58.05,0.88,-1,-1,-1
310,2,707.13,374.82,276.26,106.67,0.93,-1,-1,-1
310,39,403.12,340.28,67.29,33.94,0.23,-1,-1,-1
310,4,484.62,655.28,632.93,212.93,0.53,-1,-1,-1
311,1,1061.29,399.35,359.46,110.14,0.91,-1,-1,-1
311,3,1433.49,418.00,96.32,56.86,0.88,-1,-1,-1
311,2,705.41,374.06,280.69,108.24,0.94,-1,-1,-1
311,4,505.89,656.03,605.51,201.49,0.68,-1,-1,-1
312,1,1063.32,400.34,356.60,109.17,0.91,-1,-1,-1
312,3,1431.95,416.39,99.01,58.41,0.89,-1,-1,-1
312,2,706.55,375.02,278.76,107.16,0.93,-1,-1,-1
312,4,498.88,656.84,615.39,203.66,0.50,-1,-1,-1
313,1,1065.98,402.90,349.08,106.56,0.89,-1,-1,-1
313,3,1431.84,416.83,99.36,58.43,0.88,-1,-1,-1
313,2,707.61,376.41,276.18,105.67,0.93,-1,-1,-1
313,39,403.08,340.61,68.74,34.83,0.36,-1,-1,-1
314,1,1062.87,401.51,354.51,108.24,0.91,-1,-1,-1
314,3,1430.73,416.58,99.73,58.34,0.88,-1,-1,-1
314,2,705.10,374.71,281.32,107.48,0.93,-1,-1,-1
315,1,1059.29,398.94,361.72,110.74,0.91,-1,-1,-1
315,3,1432.48,418.27,97.14,56.55,0.87,-1,-1,-1
315,2,704.23,373.67,284.52,108.80,0.93,-1,-1,-1
316,1,1061.11,400.60,356.87,109.22,0.90,-1,-1,-1
316,3,1432.23,418.95,97.67,56.61,0.88,-1,-1,-1
316,2,704.20,374.64,282.89,107.76,0.93,-1,-1,-1
317,1,1058.59,399.23,360.33,110.49,0.91,-1,-1,-1
317,3,1430.86,417.28,99.28,57.46,0.88,-1,-1,-1
317,2,702.28,372.90,287.52,109.69,0.94,-1,-1,-1
318,1,1060.47,399.58,359.12,110.14,0.91,-1,-1,-1
318,3,1429.52,418.25,101.36,58.62,0.89,-1,-1,-1
318,2,701.66,372.34,287.69,109.66,0.69,-1,-1,-1
319,1,1058.17,397.92,363.96,111.90,0.92,-1,-1,-1
319,3,1428.43,418.31,102.79,59.46,0.89,-1,-1,-1
319,2,701.49,372.12,287.98,109.79,0.94,-1,-1,-1
320,1,1061.43,400.18,357.38,109.80,0.90,-1,-1,-1
320,3,1429.50,418.75,100.76,58.21,0.88,-1,-1,-1
320,2,698.68,370.06,293.65,112.22,0.24,-1,-1,-1
320,36,1062.17,406.06,111.99,94.44,0.42,-1,-1,-1
321,1,1057.10,397.01,366.25,112.94,0.91,-1,-1,-1
321,3,1427.00,416.11,104.05,60.32,0.90,-1,-1,-1
321,2,706.30,377.10,277.37,104.88,0.93,-1,-1,-1
321,36,1062.33,405.65,111.30,94.10,0.23,-1,-1,-1
322,1,1059.52,399.66,359.44,110.77,0.89,-1,-1,-1
322,3,1427.05,417.71,101.74,58.79,0.89,-1,-1,-1
322,2,705.58,376.30,280.83,105.99,0.93,-1,-1,-1
322,36,1062.35,406.05,111.22,93.53,0.23,-1,-1,-1
323,1,1057.03,398.13,362.20,111.89,0.90,-1,-1,-1
323,3,1426.27,416.16,103.46,60.11,0.90,-1,-1,-1
323,2,708.65,379.50,275.52,103.30,0.94,-1,-1,-1
323,36,1062.28,404.94,111.86,94.02,0.40,-1,-1,-1
324,1,1056.56,397.61,364.77,113.00,0.91,-1,-1,-1
324,3,1425.98,417.11,102.17,59.32,0.90,-1,-1,-1
324,2,704.75,377.21,282.82,105.98,0.95,-1,-1,-1
324,36,1061.73,403.67,113.28,95.52,0.33,-1,-1,-1
325,1,1061.24,400.99,356.10,110.11,0.90,-1,-1,-1
325,3,1428.36,420.20,98.62,56.77,0.90,-1,-1,-1
325,2,703.25,376.50,286.67,107.55,0.95,-1,-1,-1
326,1,1065.12,403.78,347.15,106.88,0.89,-1,-1,-1
326,3,1428.88,419.37,99.46,56.89,0.89,-1,-1,-1
326,2,707.75,380.59,275.19,102.60,0.94,-1,-1,-1
326,36,1064.41,409.97,107.65,89.45,0.21,-1,-1,-1
327,1,1059.21,399.77,360.60,111.38,0.89,-1,-1,-1
327,3,1428.18,420.50,99.77,56.95,0.90,-1,-1,-1
327,2,702.27,378.33,281.72,104.96,0.95,-1,-1,-1
327,36,1061.83,405.82,113.21,94.16,0.32,-1,-1,-1
328,1,1062.02,402.29,353.40,108.88,0.89,-1,-1,-1
328,3,1428.55,421.32,99.53,56.70,0.90,-1,-1,-1
328,2,703.19,379.50,278.72,103.33,0.94,-1,-1,-1
329,1,1060.68,401.42,355.94,109.71,0.89,-1,-1,-1
329,3,1428.03,421.08,99.06,56.31,0.90,-1,-1,-1
329,2,700.92,378.41,283.14,104.94,0.95,-1,-1,-1
330,1,1062.85,404.10,349.34,107.42,0.87,-1,-1,-1
330,3,1430.29,422.98,95.35,53.76,0.90,-1,-1,-1
330,2,699.89,377.63,284.72,105.46,0.94,-1,-1,-1
331,1,1062.39,404.55,349.03,107.21,0.86,-1,-1,-1
331,3,1429.84,422.32,95.70,53.79,0.90,-1,-1,-1
331,2,695.82,369.35,302.60,112.80,0.90,-1,-1,-1
332,1,1054.17,399.35,364.06,112.44,0.89,-1,-1,-1
332,3,1428.51,420.31,99.51,56.09,0.89,-1,-1,-1
332,2,692.24,366.07,309.05,115.98,0.90,-1,-1,-1
333,1,1058.18,402.66,353.37,108.95,0.86,-1,-1,-1
333,3,1426.02,420.19,102.01,57.53,0.90,-1,-1,-1
333,2,692.86,363.62,313.76,118.50,0.92,-1,-1,-1
334,1,1059.51,403.29,351.46,108.28,0.87,-1,-1,-1
334,3,1427.64,421.69,97.84,54.73,0.90,-1,-1,-1
334,2,696.71,367.24,305.40,115.48,0.83,-1,-1,-1
335,1,1062.67,405.30,345.81,106.20,0.85,-1,-1,-1
335,3,1427.99,422.01,97.76,54.45,0.90,-1,-1,-1
335,2,693.69,366.60,304.53,115.99,0.89,-1,-1,-1
336,1,1056.22,401.11,358.29,110.43,0.90,-1,-1,-1
336,3,1426.69,421.82,99.68,55.47,0.90,-1,-1,-1
336,2,697.50,368.22,297.99,113.81,0.87,-1,-1,-1
337,1,1057.15,402.76,353.69,109.07,0.87,-1,-1,-1
337,3,1426.69,421.21,99.71,55.41,0.91,-1,-1,-1
337,2,703.87,369.79,295.74,112.92,0.59,-1,-1,-1
338,1,1058.13,403.82,350.83,108.16,0.88,-1,-1,-1
338,3,1426.86,421.50,99.09,54.89,0.90,-1,-1,-1
338,2,700.64,369.99,294.33,112.55,0.50,-1,-1,-1
338,4,496.92,653.90,664.60,220.93,0.32,-1,-1,-1
339,1,1056.26,403.09,353.71,109.15,0.87,-1,-1,-1
339,3,1425.72,422.21,98.34,54.41,0.90,-1,-1,-1
339,2,700.66,367.47,301.60,115.55,0.88,-1,-1,-1
339,4,504.72,654.86,653.06,217.21,0.63,-1,-1,-1
340,1,1057.40,404.05,352.13,108.60,0.83,-1,-1,-1
340,3,1424.20,421.73,101.20,56.07,0.89,-1,-1,-1
340,2,699.12,366.46,303.19,116.34,0.87,-1,-1,-1
340,4,510.01,655.81,645.01,213.94,0.73,-1,-1,-1
341,1,1058.97,404.87,348.76,107.39,0.85,-1,-1,-1
341,3,1424.17,422.41,100.09,55.44,0.89,-1,-1,-1
341,2,700.23,368.87,296.23,113.76,0.80,-1,-1,-1
341,4,514.40,656.02,638.12,210.88,0.65,-1,-1,-1
342,1,1056.88,403.51,354.95,109.45,0.84,-1,-1,-1
342,3,1423.99,422.32,102.67,57.02,0.89,-1,-1,-1
342,2,694.71,365.25,305.47,118.25,0.89,-1,-1,-1
342,4,489.32,654.41,677.85,226.57,0.32,-1,-1,-1
343,1,1057.81,404.92,352.20,108.64,0.86,-1,-1,-1
343,3,1423.19,421.02,104.51,58.29,0.90,-1,-1,-1
343,2,693.87,365.74,302.46,117.84,0.87,-1,-1,-1
344,1,1054.42,402.91,358.41,110.97,0.88,-1,-1,-1
344,3,1424.74,422.46,101.20,56.67,0.90,-1,-1,-1
344,2,697.54,368.91,294.42,114.87,0.78,-1,-1,-1
345,1,1057.19,404.04,354.96,109.85,0.86,-1,-1,-1
345,3,1427.34,425.51,96.54,53.82,0.88,-1,-1,-1
345,2,696.18,368.87,293.48,114.92,0.86,-1,-1,-1
346,1,1055.12,403.23,357.26,110.88,0.89,-1,-1,-1
346,3,1426.60,426.30,95.02,52.61,0.89,-1,-1,-1
346,2,698.98,370.47,288.35,113.03,0.67,-1,-1,-1
347,1,1054.87,403.26,356.11,110.74,0.89,-1,-1,-1
347,3,1425.59,427.02,94.15,51.65,0.87,-1,-1,-1
347,2,696.34,369.90,290.39,114.16,0.37,-1,-1,-1
348,1,1056.06,402.95,356.45,110.97,0.87,-1,-1,-1
348,3,1425.76,427.95,93.41,50.75,0.87,-1,-1,-1
348,2,695.49,369.44,290.48,114.47,0.74,-1,-1,-1
349,1,1055.01,403.55,354.80,110.63,0.88,-1,-1,-1
349,3,1425.41,427.27,95.48,51.59,0.89,-1,-1,-1
349,2,696.33,368.89,291.56,115.23,0.82,-1,-1,-1
350,1,1055.38,404.31,351.86,109.84,0.88,-1,-1,-1
350,3,1424.69,426.61,97.58,52.62,0.90,-1,-1,-1
350,2,695.76,368.86,291.15,115.32,0.85,-1,-1,-1
351,1,1056.91,406.04,348.77,108.90,0.85,-1,-1,-1
351,3,1424.15,426.14,98.89,53.10,0.89,-1,-1,-1
351,2,695.76,367.55,294.44,117.02,0.86,-1,-1,-1
352,1,1056.48,405.82,348.82,109.02,0.83,-1,-1,-1
352,3,1423.94,425.68,99.58,53.42,0.90,-1,-1,-1
352,2,695.70,365.38,299.50,119.46,0.87,-1,-1,-1
352,42,1107.98,264.42,338.40,115.13,0.29,-1,-1,-1
353,1,1055.50,405.29,351.16,109.87,0.86,-1,-1,-1
353,3,1423.68,426.38,99.53,53.17,0.90,-1,-1,-1
353,2,693.18,364.58,300.31,120.42,0.86,-1,-1,-1
354,1,1059.43,408.37,343.25,107.04,0.83,-1,-1,-1
354,3,1424.09,426.43,97.61,51.99,0.90,-1,-1,-1
354,2,694.56,365.68,297.82,119.59,0.83,-1,-1,-1
354,4,520.86,653.94,637.77,211.98,0.38,-1,-1,-1
354,42,1094.48,254.79,358.99,122.34,0.22,-1,-1,-1
355,1,1058.53,407.94,344.94,107.35,0.84,-1,-1,-1
355,3,1424.15,425.73,97.91,52.15,0.89,-1,-1,-1
355,2,694.54,364.51,300.58,121.09,0.83,-1,-1,-1
355,4,521.59,654.03,639.07,211.84,0.40,-1,-1,-1
356,1,1057.55,408.81,343.44,106.66,0.87,-1,-1,-1
356,3,1421.90,424.94,100.17,53.50,0.90,-1,-1,-1
356,2,695.12,364.75,299.34,120.96,0.85,-1,-1,-1
357,1,1055.17,407.71,348.35,108.21,0.84,-1,-1,-1
357,3,1421.03,424.51,102.08,54.83,0.91,-1,-1,-1
357,2,695.82,364.93,297.76,120.71,0.86,-1,-1,-1
358,1,1054.17,407.51,348.20,108.15,0.84,-1,-1,-1
358,3,1420.43,425.05,100.96,54.35,0.88,-1,-1,-1
358,2,694.25,364.20,298.07,121.29,0.86,-1,-1,-1
358,42,1105.14,264.37,338.98,115.36,0.23,-1,-1,-1
358,4,508.89,655.24,663.63,220.54,0.33,-1,-1,-1
359,1,1053.26,407.17,349.48,108.62,0.84,-1,-1,-1
359,3,1419.11,424.37,102.76,55.64,0.87,-1,-1,-1
359,2,694.60,364.39,296.54,121.10,0.84,-1,-1,-1
359,4,505.38,655.57,670.78,223.50,0.21,-1,-1,-1
360,1,1053.40,407.22,349.21,108.55,0.82,-1,-1,-1
360,3,1420.28,424.96,100.87,54.78,0.87,-1,-1,-1
360,2,693.71,363.55,297.68,122.18,0.87,-1,-1,-1
361,1,1050.07,405.42,356.24,111.13,0.85,-1,-1,-1
361,3,1420.69,426.61,98.86,53.60,0.87,-1,-1,-1
361,2,695.29,367.24,291.07,119.32,0.73,-1,-1,-1
361,42,1102.64,271.06,308.24,104.81,0.26,-1,-1,-1
361,4,525.95,656.14,637.10,210.52,0.41,-1,-1,-1
362,1,1050.99,406.00,353.48,110.47,0.81,-1,-1,-1
362,3,1420.42,426.00,99.62,54.09,0.89,-1,-1,-1
362,2,696.86,367.71,289.05,118.52,0.76,-1,-1,-1
362,42,1103.54,271.64,302.03,102.61,0.30,-1,-1,-1
362,4,534.21,656.13,626.33,205.46,0.42,-1,-1,-1
363,1,1052.18,406.81,350.42,109.60,0.85,-1,-1,-1
363,3,1419.95,427.17,99.72,54.04,0.88,-1,-1,-1
363,2,695.04,367.31,289.87,119.04,0.83,-1,-1,-1
363,42,1102.09,271.64,301.58,102.37,0.29,-1,-1,-1
364,1,1050.85,405.81,352.93,110.61,0.83,-1,-1,-1
364,3,1420.15,427.18,99.53,53.92,0.87,-1,-1,-1
364,42,1099.88,271.29,310.60,105.19,0.37,-1,-1,-1
365,1,1050.38,405.08,353.48,110.95,0.83,-1,-1,-1
365,3,1420.06,427.36,99.35,53.75,0.88,-1,-1,-1
365,42,1099.81,271.22,321.80,108.86,0.35,-1,-1,-1
365,2,695.61,367.43,290.66,119.40,0.62,-1,-1,-1
366,1,1052.03,407.31,348.89,109.52,0.87,-1,-1,-1
366,3,1420.96,427.57,97.41,52.39,0.90,-1,-1,-1
366,42,1093.18,269.45,328.19,111.48,0.43,-1,-1,-1
366,2,696.37,368.83,288.21,118.32,0.88,-1,-1,-1
366,4,528.42,656.91,635.97,207.93,0.25,-1,-1,-1
367,1,1052.04,407.15,348.91,109.58,0.84,-1,-1,-1
367,3,1421.25,427.75,96.77,51.84,0.89,-1,-1,-1
367,42,1085.84,268.31,332.63,113.81,0.41,-1,-1,-1
367,2,696.01,368.62,287.54,117.81,0.27,-1,-1,-1
367,44,22.59,392.86,62.72,18.15,0.33,-1,-1,-1
367,4,531.62,657.09,632.68,205.82,0.26,-1,-1,-1
368,1,1055.79,409.86,341.63,106.99,0.84,-1,-1,-1
368,3,1419.75,429.17,96.17,51.26,0.89,-1,-1,-1
368,42,1082.91,269.64,334.09,115.09,0.23,-1,-1,-1
368,2,697.36,368.00,289.71,118.68,0.77,-1,-1,-1
368,4,522.85,655.79,650.55,212.08,0.26,-1,-1,-1
369,1,1053.69,408.33,345.80,108.27,0.82,-1,-1,-1
369,3,1418.24,428.92,98.72,52.72,0.79,-1,-1,-1
369,2,696.38,366.94,292.74,119.99,0.74,-1,-1,-1
369,4,530.19,656.58,641.69,208.95,0.54,-1,-1,-1
370,1,1055.32,409.19,344.96,107.89,0.86,-1,-1,-1
370,3,1419.19,430.00,95.74,50.80,0.75,-1,-1,-1
370,2,695.95,366.75,292.08,120.07,0.82,-1,-1,-1
370,4,512.20,655.95,667.43,218.55,0.44,-1,-1,-1
370,42,1090.13,264.75,335.57,116.41,0.22,-1,-1,-1
371,1,1056.19,409.63,343.43,107.09,0.84,-1,-1,-1
371,3,1418.54,428.86,97.89,51.92,0.85,-1,-1,-1
371,2,697.04,368.65,288.07,118.29,0.32,-1,-1,-1
371,4,498.27,654.81,688.31,227.19,0.34,-1,-1,-1
371,42,1101.59,269.33,314.38,108.41,0.40,-1,-1,-1
372,1,1058.31,411.50,339.07,105.30,0.84,-1,-1,-1
372,3,1419.14,428.02,96.82,51.30,0.89,-1,-1,-1
372,2,697.81,370.51,284.49,116.60,0.92,-1,-1,-1
372,4,502.91,655.34,681.87,226.05,0.42,-1,-1,-1
372,42,1098.92,266.31,320.05,110.46,0.29,-1,-1,-1
373,1,1051.87,408.37,348.53,108.47,0.83,-1,-1,-1
373,3,1417.83,426.51,99.61,52.95,0.88,-1,-1,-1
373,2,694.48,369.59,287.60,118.02,0.51,-1,-1,-1
373,4,503.61,653.85,675.70,224.61,0.42,-1,-1,-1
373,42,1104.28,268.18,312.85,107.53,0.31,-1,-1,-1
374,1,1049.73,407.08,352.34,109.91,0.84,-1,-1,-1
374,3,1418.06,426.89,99.85,53.16,0.89,-1,-1,-1
374,2,695.17,369.96,286.04,117.50,0.92,-1,-1,-1
374,4,511.36,654.45,662.20,220.10,0.51,-1,-1,-1
374,42,1100.93,268.51,315.25,108.32,0.25,-1,-1,-1
375,1,1049.79,406.18,353.68,110.38,0.86,-1,-1,-1
375,3,1415.39,426.52,103.26,55.05,0.87,-1,-1,-1
375,2,696.59,370.29,285.37,117.23,0.93,-1,-1,-1
375,4,510.96,653.00,661.64,220.18,0.43,-1,-1,-1
376,1,1054.13,408.61,345.48,107.45,0.84,-1,-1,-1
376,3,1415.23,426.24,103.61,55.33,0.85,-1,-1,-1
376,2,696.24,368.48,287.51,118.43,0.72,-1,-1,-1
376,4,512.63,652.65,658.94,219.38,0.40,-1,-1,-1
376,44,20.73,390.25,71.71,20.88,0.28,-1,-1,-1
376,42,1110.93,266.42,316.40,107.80,0.26,-1,-1,-1
377,1,1056.15,411.00,339.52,105.25,0.85,-1,-1,-1
377,3,1415.09,425.81,104.76,56.16,0.88,-1,-1,-1
377,2,699.17,372.27,280.64,115.34,0.92,-1,-1,-1
377,4,516.60,652.78,650.46,216.21,0.43,-1,-1,-1
377,44,21.93,392.25,66.45,19.40,0.36,-1,-1,-1
377,42,1104.25,261.62,325.92,111.77,0.21,-1,-1,-1
378,1,1050.64,409.06,346.26,107.63,0.83,-1,-1,-1
378,3,1416.35,426.24,102.14,54.64,0.90,-1,-1,-1
378,2,701.30,373.23,278.83,114.52,0.91,-1,-1,-1
378,4,530.68,653.10,633.47,209.74,0.52,-1,-1,-1
378,44,21.27,394.28,61.77,18.03,0.56,-1,-1,-1
379,1,1051.80,410.59,342.49,106.30,0.83,-1,-1,-1
379,3,1417.62,427.28,99.90,53.17,0.90,-1,-1,-1
379,2,699.20,372.58,281.52,115.70,0.92,-1,-1,-1
379,4,524.61,652.96,648.69,215.12,0.54,-1,-1,-1
380,1,1050.37,409.55,345.60,107.32,0.84,-1,-1,-1
380,3,1417.74,428.38,98.12,51.97,0.90,-1,-1,-1
380,2,696.85,371.64,284.00,116.62,0.94,-1,-1,-1
381,1,1050.30,410.10,344.12,106.82,0.82,-1,-1,-1
381,3,1418.08,427.29,98.35,52.24,0.88,-1,-1,-1
381,2,694.66,368.22,289.41,119.00,0.79,-1,-1,-1
381,45,1754.14,472.91,18.62,14.76,0.32,-1,-1,-1
381,42,1101.66,264.47,335.88,116.76,0.30,-1,-1,-1
381,44,20.01,392.57,63.70,18.77,0.32,-1,-1,-1
381,4,506.28,650.64,676.78,225.35,0.35,-1,-1,-1
382,1,1048.28,407.90,350.97,109.10,0.79,-1,-1,-1
382,3,1418.31,428.10,98.76,52.76,0.76,-1,-1,-1
382,2,692.07,365.26,295.17,121.98,0.83,-1,-1,-1
382,45,1756.29,474.20,16.59,13.15,0.59,-1,-1,-1
383,1,1049.16,408.77,347.17,107.89,0.82,-1,-1,-1
383,3,1415.16,425.95,102.59,55.13,0.50,-1,-1,-1
383,2,689.68,364.37,296.88,123.04,0.83,-1,-1,-1
383,45,1755.72,475.22,16.12,12.70,0.53,-1,-1,-1
383,42,1101.24,263.47,331.75,117.81,0.21,-1,-1,-1
384,1,1045.16,406.84,353.61,110.41,0.83,-1,-1,-1
384,3,1415.42,424.62,103.49,56.09,0.90,-1,-1,-1
384,2,691.19,364.78,294.79,122.55,0.81,-1,-1,-1
384,45,1755.94,475.40,15.85,12.40,0.39,-1,-1,-1
384,44,20.05,393.05,66.61,19.62,0.27,-1,-1,-1
385,1,1048.05,409.37,346.31,108.15,0.83,-1,-1,-1
385,3,1416.89,426.86,99.25,53.65,0.89,-1,-1,-1
385,2,694.52,366.39,289.81,120.62,0.80,-1,-1,-1
385,45,1754.05,472.70,18.24,14.27,0.25,-1,-1,-1
385,44,19.52,395.61,55.12,16.45,0.21,-1,-1,-1
385,4,500.25,651.13,690.34,231.71,0.26,-1,-1,-1
